5
  0  0  0 19 17  0  6 16  0  0  3 13 22 21  9  0 23  0  0  0  0 14  5  0  0
 20  0  0  0  5  2 12 17  0  0  0 16  4  6  0 22  9  0  3  0 23  1  0  0 18
  0  0  0  0  0  5  0 24  0 20  0  7 17  0 12  0  0  0  4  0 21 22 13  0  3
  0  0  0  0 16  0  0  0  0  9  1 15 25 18 23  5 20 24 14 11  0  2  0  7  0
  0  0 22  0 13 25  0 15  0  0 14  0  0  0  0  0 12  0  0 19  6  0  0  0  8
  8  6 16  4  0  0  3  0 22 21 25  0 15  1 18 24 11  0  0  0  0 17  0 12  2
 11 20  5 14  0  0  0  0  0 12  0 10 16  0  6 13 21  0 22  0 18  0 15 23  0
  0  0  0 25  0 24  0 20  5  0  0 12  7  0  0 10  0  0 16  4  3 13  0 21  0
 19 12  0  2  0 16  8 10  0  6 22  9  0  3  0 15 18 23 25  0  0  0 24  0 14
  0 21 13  0  9  0  0  0 25  0  5  0 24 14  0  7  0  0  0  0  0 16 10  6  4
  0  0  0 13 21 23  0 18  0  0  0  0  0  5  0  0  2 19  0  0  4 10  0  8  0
  2 19  0 17  0  0  4  6 16  0  0 21  0  0  0 23  1 18 15 25 14  0  0  0  0
 25  0  0 15 18 20  0 11  0  0  0 19 12 17  2  0  0  8 10  0  0  9 21  3  0
  0  0  0  5  0  7  0  0  0  0 16  6  0  4  0  9  3  0 13  0  0  0  0 18  0
  0  8 10  0  6  9  0  0 13  3  0 18 23 25  1  0 14 11 24  0  0  7  0  0  0
  0 14 20  0 11 12 17  0  0  2  0  0  0 16  4  0  0  3  0  0 25 23  0  0 15
 13 22  0  0  3 18  0  0 23 25  0  0 11 24  5  0 17  2 12  0  0  6  0  0  0
 17  2  0  0  0  0  0  0 10  4  9  0 21  0 22 18 25  0  0  0  0 20 11  0  0
 15 25 18 23  0 11  0  0  0  5 12  2  0  7 17  0  0  4  6 10  0 21  0  0  9
 16  4  6 10  0  0 13  3  9  0  0  0 18 15 25  0  0  0 20  0  0  0 19  2  0
  0  0  1  0  0 14 20  0 11 24 19 17  0  0  0  4 10  0  8  0  9  0  0  0 21
  0  0 11  0  0  0  0  0  0 17  6  0  8 10 16  0 13 22 21  9  0  0  1 25 23
  0  0  0  0  0  8  0  0  0  0 21  0  0  9 13  1 15  0  0 23 24 11  0  5  0
  9 13  3 21 22  0 23  0 18  0 11  5  0  0  0  0  0 17  0 12  0  8  4  0  6
 10 16  0  6  0  0  9 22 21  0  0  0  0  0 15  0  0  5  0  0  7  0  0  0  0
