5
 12 19  0 17  2  8  0 16  6  0 22  9 21  3 13 25  0 23  0  0 14 20  0  5 11
  6  0 10 16  4  0 22  0  0  9 25 23 18  1 15  5 14 20 24 11  2 12  7 17  0
  0  0  0 13 22  1 25 15  0  0  0  0 11 14  0  0  0 12  0 19  4  6 10 16  8
 18  0 23 15  0  0  5 24 11 20 17 12 19  0  7 16  4  0  0  0 22 21  0 13  3
 20  0  0  5  0  0  2 17 12  0  4 10  6  0 16 22  3  9 13 21  1 23  0 25 18
  8  4  6 10 16 22  0  0  3 21 15 18  1 25  0 24  5 11 20 14 17  0 12  0  2
  0  0 21  9 13 25  0  0  0  0 24 11 14  5  0  7  0  0  0  0 16  8  6 10  4
 11 14 20 24  5  0  0  7  0 12 16  6  0  0 10 13 22 21  0  3  0 18 23 15  0
 19  2 12  0 17  4 16 10  8  6  0  0  3 22  9 15 25 18 23  0  0 11  0 24 14
  0 25 18  0  0  5 24 20  0  0  7  0  0  0 12 10 16  8  6  4 13  3 21  0  0
  0 13  0 21  9 15 23 18  0  0  0 14  5  0  0  0  0  2 19  0 10  4  8  0 16
  0 16  8  6 10 13  9 21  0  3 23  1 25  0 18  0 24 14 11  5  7  2  0  0 17
  0  5  0  0 24 17  7 12  0 19  0  8  4 16  6  9 13  3 21 22  0  0 18  0  0
 25 15  1 18  0 24 20 11  5  0 12  2 17  7 19  0 10  0  8 16  9 22  3 21  0
  2 17 19  0  0 16  0  6  4  8  9  3  0  0 21 23 15  1 18 25  0 14 11  0  0
 15 23 25  0 18  0 11  0  0  5 19 17  7 12  2  0  6  0  4 10 21  0 22  0  9
 16 10  4  8  6  9  0  3 13 22 18 25 15  0  0  0 20  5  0  0  0 17  2 19  0
 17  0  2  0 12 10  6  8  0  4 21 22  0  9  0 18 23 25  1  0 20  5  0 11 24
  0 24 14 11 20  0 12 19 17  2  6  4 16  0  8  0  0  0  3 13 23 25  1  0 15
 13  0 22  3 21 23 18  0  0 25 11  5 24 20  0  0 12 17  2  0  6  0  0  0  0
 24  0  0  0 11 12  0  2  0 17  8 16 10  6  0  3 21 13 22  9 18  0 25  1 23
  0 12  0  0  0  0  8  0  0  0  3 13  9 21  0  1  0 15  0 23 11 24  5  0 20
  0 18 15  0  1 11 14  5 20 24  0  0  0 19 17  4  8 10  0  0  0  9  0  0 21
 10  6 16  0  0 21  3 22  9  0  0 15  0  0  0  0 11 24  5  0  0  7 17  0  0
  9 21 13 22  3 18  0  0 23  0  0  0  0 11  5  0  0  0 17 12  8  0  0  4  6
