5
 20  0  0  0  5  0  0 17  2 12  0  6  4  0 16 22  3 21  9  0  0 23  1 25 18
  0  0  0  0  0  0 20 24  5  0  0  0 17 12  7  0  4  0  0  0  0 21 22 13  3
  0  0 10  0 16  0  9  0  0  0  1 18 25 23 15  5 14 11 20 24  7 12  2  0  0
  0 19  0  2 17  0  0 16  0  6  3 21 22  9 13 25  0  0 23  0  0  0 14  5  0
  0  0  0 22 13  1  0 15 25  0 14  0  0  0  0  0  0 19 12  0  0  6  4  0  8
 11 14 20  5 24  0 12  0  0  0  0  0 16  6 10 13 22  0 21  0 23 18  0 15  0
  8  4  6 16  0 22 21  0  0  3 25  1 15 18  0 24  0  0 11  0 12  0 17  0  2
  0 25  0  0  0  5  0 20 24  0  0  0  7  0 12 10 16  4  0  0 21  3 13  0  0
 19  2 12  0  0  0  6 10 16  8 22  3  0  0  9 15 25  0 18 23  0  0  0 24 14
  0  0 21 13  9 25  0  0  0  0  5 14 24  0  0  7  0  0  0  0  6  0 16 10  4
  0  0  8 10  6 13  3  0  9  0  0 25 23  1 18  0 24  0 14 11  0  0  7  0  0
  2 17 19  0  0 16  0  6  0  4  0  0  0  0 21 23 15 25  1 18  0 14  0  0  0
  0 13  0  0 21  0  0 18 23  0  0  5  0 14  0  0  0  0  2 19  8  4 10  0 16
  0  5  0  0  0  0  0  0  7  0 16  4  0  8  6  9 13  0  3  0 18  0  0  0  0
 25 15  0  0 18  0  0 11 20  0  0 17 12  2 19  0 10  0  0  8  3  0  9 21  0
 16 10  4  6  0  9  0  3  0 13  0 15 18 25  0  0 20  0  0  0  2  0  0 19  0
  0  0 14 20 11  0  2  0 12 17  0 16  6  4  0  0  0  0  0  3  0 25 23  0 15
 17  0  2  0  0 10  4  0  0  0  9  0 21 22  0 18  0  0 25  1  0  0 20 11 24
 13  0 22  0  3 23 25  0 18  0  0 24 11  5  0  0 12  0 17  2  0  0  6  0  0
 15 23 25 18  0  0  5  0 11  0 12  7  0 17  2  0  6 10  0  4  0  0 21  0  9
  0  0  0  1  0 11 24  0 14 20 19  0  0  0 17  4  8  0 10  0  0  9  0  0 21
  9 21 13  3 22 18  0  0  0 23 11  0  0  0  5  0  0 12  0 17  0  0  8  4  6
 10  6 16  0  0 21  0 22  0  9  0  0  0 15  0  0  0  0  0  5  0  7  0  0  0
  0  0  0 11  0 12 17  0  0  0  6 10  8 16  0  0 21  9 13 22 25  0  0  1 23
  0 12  0  0  0  0  0  0  8  0 21  9  0 13  0  1  0 23 15  0  5 24 11  0  0
