5
 22 13  0  0  0 15  0 25  1  0  0  0  0 14  0  0  0 19 12  0 10  4  6 16  8
  0 16  0  0 10  0  0 22  0  9 18 25 23  1 15 14  5 11 20 24  7  2 12  0  0
  0 15 18  0  0 24 11  5  0 20  0 17 12  0  7  4  0  0  0  0  0 22 21 13  3
  0  5 20  0  0 17 12  2  0  0  6  4 10  0 16  3 22 21  9  0  0  1 23 25 18
  2 17  0 19  0 16  6  0  0  0 21 22  9  3 13  0 25  0 23  0  0 14 20  5  0
 16  0  8  4  6  0  3  0 22 21  1 15 18 25  0  5 24  0 11  0 12 17  0  0  2
 13  9  0  0 21  0  0  0 25  0 14 24 11  5  0  0  7  0  0  0  6 16  0 10  4
 17  0 19  2 12 10  8 16  4  6  3  0  0 22  9 25 15  0 18 23  0  0  0 24 14
  0  0  0 25  0 20  0 24  5  0  0  7  0  0 12 16 10  4  0  0 21 13  3  0  0
  5 24 11 14 20  0  0  0  0 12  0 16  6  0 10 22 13  0 21  0 23  0 18 15  0
 10  6  0  0  8  0  0  9 13  3 25 23  1  0 18 24  0  0 14 11  0  7  0  0  0
  0  0  2 17 19  6  4  0 16  0  0  0  3  0 21 15 23 25  1 18 11  0 14  0  0
  0 18 25 15  0 11  0 20 24  0 17 12  2  0 19 10  0  0  0  8  3  9  0 21  0
  0  0  0  5  0 12  0  7 17  0  4  0  8 16  6 13  9  0  3 21 18  0  0  0  0
  0 21  0 13  0 18  0 23  0  0  5  0 14  0  0  0  0  0  2 19  8 10  4  0 16
  6  8 16 10  4  3 13  0  9 22 15 18 25  0  0 20  0  0  0  0  2  0 17 19  0
  0  0 17  0  2  0  0  0 10  4  0 21 22  9  0  0 18  0 25  1  0 20  0 11 24
 18  0 15 23 25  0  0 11  0  5  7  0 17 12  2  6  0 10  0  4  0 21  0  0  9
 21  3 13  0 22  0  0 18 23 25 24 11  5 20  0 12  0  0 17  2  0  6  0  0  0
 20 11  0  0 14  0 17 12  0  2 16  6  4  0  8  0  0  0  0  3  0 23 25  0 15
  0  0 10  6 16 22  9  3 21  0  0  0 15  0  0  0  0  0  0  5  0  0  7  0  0
  1  0  0  0  0  0 20 14 11 24  0  0  0 19 17  8  4  0 10  0  0  0  9  0 21
 11  0  0  0  0  0  0  0 12 17 10  8 16  6  0 21  3  9 13 22 25  0  0  1 23
  0  0  0 12  0  0  0  8  0  0  9  0 13 21  0  0  1 23 15  0  5 11 24  0 20
  3 22  9 21 13  0 23  0 18  0  0  0  0 11  5  0  0 12  0 17  0  8  0  4  6
