5
  0  4  6 16 10  0  0 22  9  0 23 18 25 15  1 14 11 24  5 20  2 17  0 12  7
  0 22  0 13  0 15  1 25  0  0  0 11  0  0 14  0 19  0  0 12  4 16  8  6 10
 19  2 12 17  0 16  8  0  0  6  9 21 22 13  3  0  0  0 25 23 14  5 11 20 24
  0  0 18 15 23 24  0  5 20 11 12 19 17  7  0  4  0  0 16  0 22 13  3 21  0
  0  0 20  5  0 17  0  2  0 12 10  6  4 16  0  3 21 13 22  9  1 25 18 23  0
  4 16  8 10  6  0 22  0 21  3 18  1 15  0 25  5 14 20 24 11 17  0  2  0 12
  0 13  0  9 21  0 25  0  0  0 11 14 24  0  5  0  0  0  7  0 16 10  4  8  6
  2 17 19  0 12 10  4 16  6  8  0  3  0  9 22 25  0 23 15 18  0 24 14 11  0
 25  0  0  0 18 20  5 24  0  0  0  0  7 12  0 16  4  6 10  8 13  0  0  3 21
 14  5 11 24 20  7  0  0 12  0  6  0 16 10  0 22  3  0 13 21 25 15  0 18 23
 17  0  2  0 19  6 16  0  8  4  3  0  9 21  0 15 25 18 23  1  0  0  0 14 11
 15  0 25 18  1 11 24 20  0  5  2 17 12 19  7 10 16  8  0  0  9 21  0 22  3
 13  9  0 21  0 18 15 23  0  0 14  5  0 11  0  0  0 19  0  2 10  0 16  4  8
 16 10  0  6  8 21 13  9  3  0  1 25 23 18  0 24  5 11  0 14  7  0 17  2  0
  5 24  0  0  0 12 17  7 19  0  8  4  0  6 16 13 22 21  9  3  0 23  0  0 18
 24 20  0 11 14 19  0 12  2 17  4 16  6  8  0  0 13  3  0  0 23  0 15 25  1
  0 12 17  0  2  8 10  6  4  0 22  0 21  0  9 23  0  1 18 25 20 11 24  5  0
 10  6 16  8  4  3  9  0 22 13 25 15 18  0  0 20  0  0  0  5  0 19  0 17  2
 23 18 15  0 25 14  0 11  5  0 17  7 19  2 12  6 10  4  0 16 21  0  9 13 22
  0 21 13  3 22  0 23 18 25  0  5 24 11  0 20 12  0  2  0 17  6  0  0  0  4
 18  1  0  0 15  5 11 14 24 20  0  0  0 17 19  8  0  0  4 10  0  0 21  9  0
  6  0 10  0 16 22 21  3 13  9 15  0  0  0  0 11  0  5  0 24  0  0  0  7 17
  0 11 24  0  0  2 12  0 17  0 16 10  8  0  6 21  9 22  3 13 18  1 23 15 25
 21  3  9 22 13  0 18  0  0 23  0  0  0  5 11  0 12 17  0  0  8  4  6  0  0
 12  0  0  0  0  0  0  8  0  0 13  9  3  0 21  0 23  0  1 15 11  0 20 24  5
