5
  0 22  0 13  0  0  0 15  1 25  0  0 11  0 14  0 19  0 12  0 10  6  4  8 16
  0  4  6 16 10  9  0  0  0 22 25 15 18 23  1 24 11 14 20  5  7 12  2  0  0
 19  2 12 17  0  0  6 16  0  0 22 13 21  9  3  0  0  0 23 25  0 20 14 11  5
  0  0 18 15 23 20 11 24  0  5 17  7 19 12  0  0  0  4  0  0  0 21 22  3 13
  0  0 20  5  0  0 12 17  0  2  4 16  6 10  0 13 21  3  9 22  0 23  1 18 25
  0 13  0  9 21  0  0  0 25  0 24  0 14 11  5  0  0  0  0  7  6  8 16  4 10
  4 16  8  0  6 21  3  0 22  0 15  0  1 18 25 20  0  5 11 24 12  0 17  2  0
  2 17 19  0 12  6  8 10  4 16  0  9  3  0 22 23  0 25 18 15  0 11  0 14 24
 14  5 11 24 20 12  0  7  0  0 16 10  0  6  0  0  3 22 21 13 23 18  0  0 15
 25  0  0  0 18  0  0 20  5 24  7 12  0  0  0  6  4 16  8 10 21  3 13  0  0
 13  9  0 21  0  0  0 18  0 23  0  0  5 14  0 19  0  0  2  0  8  4 10 16  0
 16 10  0  6  8  3  0  0 13  9 23 18 25  1  0 11  5 24 14  0  0  2  7 17  0
 15  0 25 18  1  0  5 11 24 20 12 19 17  2  7  8 16 10  0  0  3 22  9  0 21
  5  0  0  0  0 19  0 12 17  7  0  6  4  8 16 21  0 13  3  9 18  0  0  0  0
 17  0  2  0 19  8  4  6 16  0  9 21  0  3  0 18 25 15  1 23 11 14  0  0  0
 23 18 15  0 25  5  0  0  0 11 19  2  7 17 12  4 10  6  0  0 22  0 21  9  0
 10  6 16  8  4 22 13  3  9  0 18  0 15 25  0  0  0 20  5  0  2 17  0  0 19
  0 21 13  3 22 25  0  0 23 18 11  0 24  5 20  2  0 12 17  0  0  0  6  0  0
  0 12 17  0  2  4  0  8 10  6 21  0  0 22  9  1  0 23 25 18  0  5 20 24 11
 24 20  0 11 14  2 17  0  0 12  6  8 16  4  0  3 13  0  0  0  1 25 23 15  0
 12  0  0  0  0  0  0  0  0  8  3  0  9 13 21  0 23  0 15  1  5 24 11 20  0
 18  1  0  0 15 24 20  5 11 14  0 17  0  0 19  0  0  8 10  4  0  9  0 21  0
 21  3  9 22 13  0 23  0 18  0  0  5  0  0 11 17 12  0  0  0  0  0  8  6  4
  6  0 10  0 16  0  9 22 21  3  0  0  0 15  0  5  0 11 24  0 17  7  0  0  0
  0 11 24  0  0 17  0  2 12  0  8  0 10 16  6 22  9 21 13  3 25  0 18 23  1
