5
 10  6  0 16  4 22  0  9  0  0 15 23 18 25  1 14 24  5 20 11  7  2  0  0 12
  0 18  0 15  0  5  0 20 24 11  7 12  0 17  0  4  0  0  0  0  0 22  3 13 21
  0 20  0  5  0  2  0  0 17 12 16 10  6  4  0  3  0 22  9 21  0  1 18 25 23
  0 12 19 17  2  0  0  0 16  6 13  9 21 22  3  0  0 25 23  0  0 14 11  5 20
  0  0  0 13 22 25  1  0 15  0  0  0 11  0 14  0  0  0 12 19 10  4  8 16  6
  6  8  4  0 16  0 22 21  0  3  0 18  1 15 25  5  0 24 11  0 12 17  2  0  0
 21  0  0  9 13  0 25  0  0  0  0 11 14 24  5  0  0  7  0  0  6 16  4 10  0
 12 19  2  0 17 16  4  6 10  8  9  0  3  0 22 25 23 15 18  0  0  0 14 24 11
 20 11 14 24  5  0  0 12  0  0 10  6  0 16  0 22  0 13 21  0 23  0  0 15 18
 18  0 25  0  0 24  5  0 20  0 12  0  0  7  0 16  0 10  0  4 21 13  0  0  3
  8  0 16  6 10  9 13  3  0  0 18  1 25 23  0 24 11  0 14  0  0  7  0  0  0
  0  0 13 21  9 23  0  0 18  0  0 14  5  0  0  0 19  0  2  0  8 10 16  0  4
  0  0  5  0  0  7 17  0 12  0  6  8  4  0 16 13 21  9  3  0 18  0  0  0  0
  0 25 15 18  0 20 24  0 11  0 19  2 17 12  0 10  8  0  0  0  3  9  0 21  0
 19  2 17  0  0  0 16  8  6  4 21  3  0  0  0 15 18 23  1 25 11  0  0  0 14
  2 17  0  0 12  6 10  4  0  0  0 22  0 21  9 23  1 18 25  0  0 20 24 11  0
 14  0  0 11 20 12  0  2  0 17  8  4 16  6  0  0  3  0  0  0  0 23 15  0 25
  4 16 10  8  6  0  9 22  3 13  0 25 15 18  0 20  0  0  5  0  2  0  0 19 17
 25 15 23  0 18 11  0  5  0  0  2 17  7  0 12  6  4  0  0 10 22 21  9  0  0
 22 13  0  3 21 18 23 25  0  0  0  5 24 11 20 12  2  0 17  0  0  6  0  0  0
 13  9 21 22  3  0 18  0  0 23  5  0  0  0 11  0 17  0  0 12  0  8  6  4  0
 16 10  6  0  0  3 21  0 22  9  0 15  0  0  0 11  5  0  0  0 17  0  0  0  7
  0  0 12  0  0  8  0  0  0  0  0 13  9  0 21  0  0  1 15 23  5 11 20  0 24
  0 24  0  0 11  0 12 17  2  0  0 16 10  8  6 21 22  3 13  9 25  0 23  1  0
 15  0  0  0  1 14 11 24  0 20 17  0  0  0 19  8  0  4 10  0  0  0 21  0  9
