5
  0  0  0  0  0  0 24  0  0 20  7 12  0 17  0  0  0  0  0  0  3 13  0 21 22
  0  0  0  0  0  0  0  0  0  9 15 23 18 25  1  5  0 24 14 11  0  0  7  0  2
  0  0  0 22 13 25 15  0  0  0  0  0  0  0 14  0 12  0  0 19  8  0  0  6  0
  0 20  0  0  5  2 17  0 12  0 16  0  6  0  0 22  9  0  3  0 18  0  0 23  1
 19  0  0  0 17  0 16  0  6  0 13  0 21 22  3  0 23  0  0  0  0  5  0  0 14
  0  0 21  0  9  0  0 25  0  0  0  0 14 24  5  7  0  0  0  0  4 10  6  0 16
 14 11 20  0  0  0  0  0  0 12 10  6  0 16  0 13 21  0 22  0  0  0 23 18  0
  2 19 12  0  0 16 10  0  8  6  9  0  3  0  0 15 18 23 25  0 14 24  0  0  0
  4  8  6  0  0  0  0 22  0 21  0 18  1 15 25 24 11  0  0  0  2  0 12  0 17
 25  0  0  0  0 24 20  5  0  0  0  0  0  7  0 10  0  0 16  4  0  0 21  0 13
 15 25  0  0  0 20 11  0  0  0 19  2 17 12  0  0  0  8 10  0  0 21  3  0  9
 17  2 19  0  0  0  6 16  4  0 21  0  0  0  0 23  1 18 15 25  0  0  0 14  0
  0  0  8 10  6  9  0 13  0  3 18  1 25 23  0  0 14 11 24  0  0  0  0  0  7
  5  0  0  0  0  7  0  0  0  0  6  0  4  0 16  9  3  0 13  0  0  0 18  0  0
 13  0  0  0 21 23 18  0  0  0  0  0  5  0  0  0  2 19  0  0  0  0  8  4 10
  0 13 22  0  3 18  0 23  0 25  0  5 24 11  0  0 17  2 12  0  0  0  0  0  6
  0 17  2  0  0  0  0 10  0  4  0 22  0 21  9 18 25  0  0  0  0 11  0  0 20
  0  0 14 20 11 12  0  0 17  2  0  4 16  0  0  0  0  3  0  0 15  0  0 25  0
 10 16  4  6  0  0  3  9 13  0  0 25 15 18  0  0  0  0 20  0  0 19  2  0  0
 23 15 25 18  0 11  0  0  0  5  2 17  7  0 12  0  0  4  6 10  9  0  0  0 21
  0  0  0 11  0  0  0  0  0 17  0 16 10  8  6  0  0 22 21  9 23  1 25  0  0
  0  0  0  0  0  8  0  0  0  0  0 13  9  0 21  1 15  0  0 23  0  0  5 24 11
  0  9 13  3 22  0  0 18 23  0  5  0  0  0 11  0  0 17  0 12  6  0  0  0  8
  0  0  0  1  0 14  0 11 20 24 17  0  0  0 19  4 10  0  0  0 21  0  0  9  0
  6  0 16  0  0  0 22 21  9  0  0 15  0  0  0  0  0  5  0  0  0  0  0  7  0
