5
 18 15  0  0  0 11 20 24  5  0 12  0  7  0 17  0  4  0  0  0  3  0 21 13 22
 12 17  0 19  2  6  0 16  0  0  9 21 13  3 22  0  0  0 23 25  0  0 20  5 14
  0 16 10  0  0  0  9  0 22  0 23 18 15  1 25 11 14 24 20  5  0  7 12  0  2
  0 13  0  0 22  0  0 15 25  1  0 11  0 14  0 19  0  0 12  0  8 10  6 16  4
 20  5  0  0  0 12  0 17  2  0 10  6 16  0  4 21  3  0  9 22 18  0 23 25  1
 19  0 12  2 17  8  6 10 16  4  0  3  9 22  0  0 25 23 18 15 14  0  0 24  0
  0  9 21  0 13  0  0  0  0 25 11 14  0  5 24  0  0  0  0  7  4  6  0 10 16
  0  0  0 25  0  0  0 20 24  5  0  0 12  0  7  4 16  0  0 10  0 21  3  0 13
 11 24 20 14  5  0 12  0  0  0  6  0 10  0 16  0 22  0 21 13  0 23 18 15  0
  8  0  6  4 16  3 21  0  0 22 18  1  0 25 15  0  5  0 11 24  2 12  0  0 17
  0  0  0  5  0  0  0 12  7 17  8  4  6 16  0  0 13 21  3  9  0 18  0  0  0
  0 21  0 13  9  0  0 18 23  0 14  5  0  0  0  0  0 19  2  0 16  8  4  0 10
 25 18  0 15  0  0  0 11 20 24  2 17 19  0 12  0 10  8  0  0  0  3  0 21  9
  2  0 19 17  0  4  0  6  0 16  3  0 21  0  0 25 15 18  1 23  0 11 14  0  0
  0  6  8 16 10  0  3  0  9 13  1 25 18  0 23  0 24 11 14  0  0  0  0  0  7
 13  3 22  0 21  0 25  0 18 23  5 24  0 20 11  0 12  2 17  0  0  0  0  0  6
 16  8  4 10  6 13 22  3  0  9 25 15  0  0 18  0 20  0  0  0  0  2 17 19  0
 17  0  2  0 12  0  4  0  0 10 22  0  0  9 21  0 23  1 25 18 24  0  0 11 20
  0 11 14  0 20 17  2  0 12  0  4 16  8  0  6  0  0  3  0  0 15  0 25  0 23
 15  0 25 23 18  0  5  0 11  0 17  7  2 12  0 10  6  4  0  0  9  0  0  0 21
 10  0 16  6  0  9  0 22  3 21 15  0  0  0  0  0 11  5  0  0  0 17  7  0  0
 24  0  0  0 11  0 17  2  0 12 16 10  0  6  8  9 21 22 13  3 23 25  0  1  0
  9 22 13 21  3 23  0  0  0 18  0  0  5 11  0 12  0 17  0  0  6  0  0  4  8
  0  0  0 12  0  0  0  0  8  0 13  9  0 21  0 23  0  0 15  1 20  5 24  0 11
  0  0  0  0  1 20 24  0 14 11  0  0 17 19  0  0  8  0 10  4 21  0  9  0  0
