5
  0  0  0  0  0 20  0 24  0  5  7  0 17  0 12  0  0  0  0  4 21  0 13  3 22
  0 13  0 22  0  0  0 15  1 25  0  0  0 14  0 19  0 12  0  0  6  0  0  8  4
  0  5 20  0  0  0 12 17  0  2 16  6  4  0  0  0 22  9  0  3 23  0 25 18  1
  0 16  0  0 10  9  0  0  0  0 15 18 25  1 23 11  5 20 24 14  0  7  0  0  2
 19 17  0  2  0  0  6 16  0  0 13 21 22  3  9  0  0 23  0  0  0  0  5  0 14
  2  0 19  0 12  6  8 10  0 16  9  3  0 22  0  0 15 18 23 25  0  0 24 14  0
 14  0 11  5 20 12  0  0  0  0 10  0 16  0  6  0 13 21  0 22 18 23 15  0  0
  0  9  0 13 21  0  0  0 25  0  0 14 24  5  0  0  7  0  0  0  0  6 10  4 16
 25  0  0  0  0  0  0 20  5 24 12  0  7  0  0  4 10  0  0 16  3 21  0  0 13
  4  0  8 16  6 21  3  0 22  0  0  1 15 25 18  0 24 11  0  0  0 12  0  2 17
  0  6  0 10  8  3  0  0 13  9 18 25 23  0  1  0  0 14 11 24  0  0  0  0  7
  5  0  0  0  0  0  0  0  0  7  6  4  0 16  0  0  9  3  0 13  0 18  0  0  0
 17  0  2  0 19  0  4  6 16  0 21  0  0  0  0 25 23  1 18 15 14  0  0  0  0
 15 18 25  0  0  0  0 11  0 20 19 17 12  0  2  0  0  0  8 10  0  3 21  0  9
 13 21  0  0  0  0  0 18  0 23  0  5  0  0 14  0  0  2 19  0  4  8  0 16 10
  0  3 13  0 22 25  0  0 23 18  0 24 11  0  5  0  0 17  2 12  0  0  0  0  6
 23  0 15 18 25  5  0  0  0 11  2  7  0 12 17 10  0  0  4  6  0  0  0  9 21
  0 11  0 20 14  2 17  0  0 12  0 16  0  0  4  0  0  0  3  0 25  0  0 15 23
 10  0 16  6  4  0 13  3  9  0  0 15 18  0 25  0  0  0  0 20  0  2 19  0  0
  0  0 17  0  2  4  0  0 10  0  0  0 21  9 22  0 18 25  0  0  0  0 11  0 20
  0  0  0  1  0 24 20  0 11 14 17  0  0 19  0  0  4 10  0  8  9  0  0 21  0
 21 22  9  3 13  0 23  0 18  0  5  0  0 11  0 12  0  0 17  0  0  0  4  6  8
  0  0  0 11  0 17  0  0  0  0  0 10  8  6 16  9  0 13 22 21  0 25  1 23  0
  6  0 10  0 16  0  9 22 21  0  0  0  0  0 15  0  0  0  5  0  7  0  0  0  0
 12  0  0  0  0  0  0  0  0  8  0  9  0 21 13 23  1 15  0  0 24  5  0  0 11
