5
  0  0  0  0  0  0  0  9  0  0 18  1 23 15 25  5 20 11 24 14  0  0  7  2  0
  0  0 19 17  0  0  0  0  6 16 21  3  9 13 22  0 23  0  0  0  0  0  0 14  5
  0  0  0  5 20  2  0  0 12 17  6  0  0 16  4 22  9  0  0  3 18 23  0  1  0
  0  0  0  0  0  0  0 20  0 24  0  0 12  7 17  0  0  0  0  4  3 21  0 22 13
  0 22  0 13  0 25  0  0  0 15  0 14  0  0  0  0 12 19  0  0  8  6  0  0  0
  0  0 25  0  0 24  5  0  0 20  0  0  0 12  7 10  0  4  0 16  0  0 21 13  0
  6 16  4  0  8  0 22 21  3  0  1 25 18  0 15 24 11  0  0  0  2  0 12 17  0
 12  0  2  0 19 16  0  6  8 10  3 22  0  9  0 15 18  0 23 25 14  0  0  0 24
 21  0  0  9  0  0 25  0  0  0 14  5  0  0 24  7  0  0  0  0  4  0  6 16 10
 20  5 14  0 11  0  0 12  0  0  0  0  6 10 16 13 21  0  0 22  0 18 23  0  0
  0  0 13 21  0 23  0  0  0 18  5  0  0  0  0  0  2  0 19  0  0  4  8 10  0
  0  0 15  0 25 20  0  0  0 11 17  0  2 19 12  0  0  0  8 10  0  0  3  9 21
  0  0  5  0  0  7  0  0  0  0  4 16  0  6  0  9  3  0  0 13  0  0 18  0  0
  8 10  0  6  0  9 13  3  0  0 25  0  1 18 23  0 14  0 11 24  0  0  0  7  0
 19  0 17  0  2  0 16  0  4  6  0  0  0 21  0 23  1 25 18 15  0 14  0  0  0
 25 18 23  0 15 11  0  5  0  0  7 12 17  2  0  0  0 10  4  6  9  0  0 21  0
 14 20  0 11  0 12  0  2 17  0 16  0  4  0  0  0  0  0  3  0 15 25  0  0  0
  2  0  0  0 17  0 10  4  0  0  0  9 22  0 21 18 25  0  0  0  0  0  0 20 11
 22  0  0  3 13 18 23 25  0  0 24  0  5  0 11  0 17  0  2 12  0  0  0  6  0
  4  6 10  0 16  0  9  0 13  3 15  0 25  0 18  0  0  0  0 20  0  0  2  0 19
  0  0  0  0  0  8  0  0  0  0  9 21 13  0  0  1 15 23  0  0  0 24  5 11  0
  0  1  0  0  0 14 11 24 20  0  0 19  0 17  0  4 10  0  0  8 21  9  0  0  0
 16  0  6  0 10  0 21  0  9 22  0  0 15  0  0  0  0  0  5  0  0  7  0  0  0
 13  3 21 22  9  0 18  0 23  0  0 11  0  5  0  0  0 12 17  0  6  0  0  8  0
  0 11  0  0  0  0  0 17  0  0 10  6 16  0  8  0 13  9 22 21 23  0 25  0  1
