9
  8  0  9  2  0  6  3  0  7 17  0  0 14 11 10 15 12  0  0 26  0  0 23 24 19 27 25 33 35 29 30 32 36 28  0  0 41 40 45 43 37  0  0  0  0  0 46 47 48 53 51 49 54 52 63  0 56  0 60  0  0  0  0 69  0 68 72 70 66  0 65 64 81 74  0 76 79 80 75 73 77
 35 31  0 29  0  0 30  0 34  0  0 43 41 38 37 42  0 45 47  0 49 48 50  0  0  0 52  0  0 56  0  0  0  0  0  0  0  0 72  0 64 71  0  0 65 77  0 74  0 80 78 76 81 79  9  1  0  4  6  0  7  0  0 15  0 14 18 16  0  0 11  0  0 20 24  0  0  0 21 19  0
  0  0  0 20 19  0 21 23 25  0 31 34 32  0  0 33 30 36 38  0 40 39  0  0 37 45  0 51 53  0  0  0 54 46 52 49 59 58 63 61 55 62 60 57 56 68 64 65 66 71 69  0 72 70 81 73 74 76 78  0 79 80  0  6  0  0  9  0  0  4  2  0 18 11 15 13 16  0  0 10  0
 71 67 72 65 64 69 66 68 70 80 76  0 77 74  0  0  0 81  2  8  0  3  0  6  1  0  0  0 17  0  0  0 18 10 16 13  0 22 27 25  0 26  0 21 20 32 28 29 30  0  0 31 36  0 45 37 38 40  0  0  0  0 39 51 53 50  0 52 48 49 47 46 63  0  0  0 61  0  0 55 59
 17  0 18 11 10  0  0 14  0 26 22 25  0  0  0 24 21 27  0  0 31 30 32 33 28 36 34 42 44  0 39 41 45  0 43  0 50  0 54 52 46 53  0  0 47 59 55  0  0 62 60 58 63  0 72 64 65  0  0 68 70  0 66  0 80 77 81  0 75 76  0 73  9  2  6  4  0  8  0  0  5
 53  0 54 47  0 51 48  0  0 62  0 61  0  0 55 60  0  0 65 71 67  0 68 69 64  0 70 78 80 74  0  0  0 73 79 76  0  0  9  0  1  0  0  3  2 14 10 11 12 17 15  0  0  0 27  0 20  0 24  0  0 26  0 33 35 32 36 34  0  0 29 28 45 38 42  0 43 44 39 37  0
 44 40 45  0 37  0 39 41 43 53  0 52 50 47 46  0  0 54  0 62 58  0 59  0 55  0 61 69 71 65  0 68 72 64 70 67 77 76 81 79  0 80  0  0 74  5  1  2  3  8  0  4  9  7 18  0 11  0 15 14 16 17 12 24 26  0  0 25  0 22 20 19  0 29  0 31 34 35  0  0  0
  0  0 63 56 55 60 57 59 61 71 67 70 68 65 64  0 66  0 74  0 76  0 77 78  0  0 79  6  8  2  3  5  0  1  7  0 14  0 18 16 10 17  0 12 11  0 19 20 21 26  0 22 27 25 36  0 29 31  0  0 34 35 30 42 44 41 45  0  0  0  0 37 54 47  0 49 52  0 48  0 50
 80 76 81 74  0 78 75 77  0  8  0  7  5  2  0  6  0  9 11 17 13 12 14  0  0 18  0  0 26 20 21 23 27 19 25 22 32 31 36 34  0 35 33  0 29 41  0 38 39 44  0 40 45  0 54 46 47 49  0  0  0  0 48  0 62 59 63 61 57 58  0  0 72  0 69 67  0 71 66 64  0
 63 59  0 57  0 61  0 60 62 72  0  0 69 66 65  0 67 73 75 81 77  0 78 79  0  1 80  0  0  3  0  6 10  2  0  0  0  0 19 17 11  0  0 13 12  0 20  0 22 27 25 23  0  0  0 29 30 32 34  0 35  0  0 43 45  0 46 44 40  0  0  0  0 48 52 50 53 54 49 47 51
 27 23 28  0 20 25 22  0 26 36 32 35 33 30 29  0  0 37  0 45 41  0  0  0  0  0 44  0  0  0  0 51  0  0 53 50 60  0  0  0  0  0  0 58 57 69  0 66 67 72  0 68 73  0  0 74  0 77 79 78  0 81 76  7  9  6 10  0  4  0  3  2  0 12 16  0 17 18 13 11  0
  9  5  0  3  2  7  4  6  8 18  0 17 15 12 11  0 13 19 21  0  0 22 24 25 20  0 26 34 36 30  0  0 37  0 35 32  0 41 46 44 38  0 43  0  0 51 47 48 49 54  0 50 55  0  0  0  0 59  0 60 62  0 58  0 72 69 73  0  0 68 66 65  0 75 79 77 80 81 76  0 78
  0  0  0  0 11 16 13 15 17 27 23 26  0 21 20 25  0 28 30 36 32  0  0  0 29  0  0 43 45  0  0  0 46 38  0 41 51 50  0 53  0 54 52 49 48 60  0 57 58  0 61  0 64  0 73 65 66 68 70 69 71 72 67  0  0  0  0  0 76 77 75 74  0  3  7  0  0  9  0  2  6
 54  0  0 48  0 52 49  0  0  0 59  0 60 57 56 61 58 64  0 72 68 67 69 70  0 73 71 79 81  0 76 78  1  0  0  0  6  0 10  0  0  9  7  4  3  0 11  0  0 18  0 14  0  0 28  0 21 23 25  0 26  0 22  0 36 33 37  0  0  0 30 29 46  0  0  0 44 45 40  0 42
 72  0 73  0  0  0 67 69  0 81 77 80 78 75  0 79 76  0  3  0  0  4  6  7  2 10  8 16 18  0 13 15 19  0  0 14 24  0  0 26  0 27 25 22  0  0 29 30 31 36 34  0 37 35 46 38  0 41  0  0 44 45  0  0  0 51 55 53 49  0  0 47 64 57 61  0 62  0  0  0 60
 81  0  1 75 74  0 76 78  0  0  5  8  0  0  2  7  4 10 12 18  0 13  0 16 11  0 17  0  0 21 22  0 28  0 26  0 33  0 37  0 29  0 34 31 30  0 38  0 40  0 43 41 46 44 55  0 48 50  0 51 53 54 49 61 63 60 64 62 58 59 57 56  0  0 70  0 71 72 67 65 69
 45 41 46 39 38 43 40 42 44  0 50  0  0 48 47 52  0 55 57 63 59  0  0 61  0 64  0 70 72 66 67 69  0  0 71 68  0 77  1 80  0 81  0  0 75  0  2  3  0  0  7  5 10  8  0 11  0 14  0  0 17  0  0  0  0 24 28  0 22 23 21 20  0  0 34  0 35 36 31 29 33
 36 32 37 30 29 34 31  0  0  0 41 44 42  0 38 43  0 46 48 54  0 49 51 52  0 55 53  0 63 57 58 60 64  0  0  0 69 68 73 71  0 72 70 67 66 78 74  0 76 81  0  0  0 80 10  2  3  5  7  6  8  9  0 16 18 15  0 17 13 14  0  0  0  0 25 23  0 27 22 20 24
 19 15 20  0 12 17 14 16 18  0 24  0  0 22  0  0 23 29 31 37 33  0 34 35 30 38 36 44  0 40 41  0 47 39 45  0  0  0 56  0 48 55 53 50 49  0 57 58  0 64 62 60 65  0  0 66 67  0 71  0  0 73 68  0  1  0  2 81  0 78 76 75 11  4  8  0  9 10  5  3  0
  1  0  2 76 75 80  0  0 81 10  6  9  7  4  0  8  5  0 13  0 15  0 16 17 12 20 18  0 28 22 23  0 29  0 27 24 34 33 38 36 30 37  0 32 31 43  0 40  0 46 44  0 47 45  0  0 49 51 53 52 54 55 50 62 64 61  0  0  0  0  0 57 74 67  0 69 72 73 68 66 70
  0  0 29  0 21  0 23  0 27 37  0  0 34 31 30 35 32 38  0  0 42  0 43  0 39 47  0 53  0  0 50 52  0 48 54  0 61  0 65 63  0  0 62 59 58 70 66 67 68 73 71  0 74  0  2  0 76  0  0  0  0  0  0  8 10  7 11  9  0  6  4  3 20 13  0 15  0 19  0 12 16
 64 60 65 58  0  0 59 61  0 73 69 72 70  0 66 71 68 74 76  0 78 77  0 80  0  0 81  8 10  4  5  7 11  3  0  6 16 15  0 18 12 19  0 14 13 25 21  0 23 28 26  0 29 27 38 30 31 33 35 34 36  0  0 44  0 43 47  0 41 42 40  0  0 49 53 51  0 55 50  0 52
 37 33 38  0  0 35 32 34 36 46  0 45  0 40  0 44  0 47 49 55 51  0 52 53 48 56 54  0  0 58 59 61 65  0 63  0 70 69 74 72  0 73 71 68  0 79  0 76 77  1  0 78  2 81 11  0  4  6  8  0  9 10  0  0  0 16  0  0  0  0 13 12 29 22  0 24 27 28  0  0 25
 73 69 74 67 66 71  0  0 72  0 78 81 79  0  0  0 77  2  0  0  6  5  0  8  0 11  9  0 19  0 14  0  0  0 18  0  0 24 29  0  0 28 26 23 22 34  0 31 32 37 35  0 38 36  0  0 40 42 44 43 45  0  0  0  0 52 56 54 50 51 49  0  0  0  0 60 63 64 59  0  0
 46 42 47  0 39 44 41  0 45 55  0 54 52 49 48 53  0  0  0  0 60 59 61  0 57  0  0 71  0 67 68 70 74  0 72 69  0 78  2 81 75  1 80 77  0  7  3  0  5  0  0  6 11  9 20  0 13 15  0 16  0  0 14  0 28 25 29 27  0 24  0 21  0  0 35 33 36  0 32  0 34
  0  0 11  4  3  0  0  7  9 19 15 18 16 13  0  0 14 20 22 28  0  0 25  0 21 29 27 35  0  0 32 34 38 30  0  0  0  0 47  0 39  0 44 41  0 52 48 49 50 55  0  0 56 54  0  0  0  0 62 61 63 64 59 71  0 70 74 72  0  0 67 66  2 76 80 78  0  0  0  0 79
 55  0  0 49  0  0 50 52  0 64 60 63  0 58 57 62  0 65  0 73 69  0  0  0 66  0 72 80  1  0 77  0  2 75 81 78  0  6 11  0  0  0  8  5  4 16 12 13 14  0 17 15 20  0 29 21 22 24 26 25  0  0  0 35  0  0 38 36  0 33 31  0 47  0  0 42 45 46  0  0 43
  0 61  0  0  0  0 60  0 64 74  0 73 71  0 67 72 69 75 77  0  0 78  0  0  0  3  1  0  0  0  6  0  0  4 10  7  0 16  0 19  0  0 18 15  0 26 22  0 24 29  0  0  0 28 39  0 32 34  0  0  0 38 33 45  0  0 48 46 42 43  0 40 57  0 54 52 55  0 51 49 53
 29  0  0 23 22 27  0 26  0  0 34 37 35  0 31  0 33  0 41 47 43  0  0 45 40 48  0 54  0 50 51 53  0 49  0 52 62  0 66 64 58 65 63 60  0 71  0  0  0  0 72 70 75  0  3 76 77 79  0  0  1  2 78  9 11  8  0  0  0  7  5  4 21 14  0  0 19 20 15 13  0
  0  0 75  0 67  0  0 71 73  2 79  0 80 77  0  0 78  0  0 11  7  6  0  9  4 12  0 18  0 14 15 17 21 13  0  0 26 25 30 28  0  0 27  0  0 35 31 32 33 38 36 34  0 37 48 40  0  0 45  0 46 47 42 54 56  0 57  0 51  0 50 49 66 59 63  0  0 65 60 58 62
 11  7 12  0  4  0  6  8 10 20  0 19  0  0 13 18 15  0 23  0 25 24  0 27  0 30 28 36  0  0  0  0 39 31 37  0  0  0  0  0 40 47 45 42 41 53 49 50  0 56  0 52  0 55  0 58 59 61 63  0 64  0 60 72  0  0 75  0 69 70 68  0  0  0  0 79  1  0 78 76  0
  0  0  0 32 31 36 33  0 37  0  0 46  0  0  0  0  0  0 50 56 52  0 53  0 49 57  0  0 65 59 60 62 66 58 64 61 71 70 75 73 67 74 72 69 68 80  0 77 78  2  0 79  3  1 12  4  5  7  9  8 10 11  6 18 20 17 21 19 15 16 14  0 30 23  0 25 28 29  0  0 26
 20 16  0  0  0  0  0 17  0 29 25 28  0  0  0 27 24  0  0  0 34 33  0 36  0  0  0 45 47 41 42 44 48  0 46  0  0 52  0  0 49 56 54 51 50 62  0 59 60  0 63 61 66 64  0 67 68 70 72  0 73  0 69 81  2 80  0  1 78 79  0 76 12  5  0  0  0 11  0  4  8
  2 79  3 77 76 81 78 80  1  0  7 10  0  5  0  9  6 12 14 20 16  0 17 18 13 21 19  0  0 23 24 26  0 22 28 25 35 34 39 37 31  0  0 33 32 44  0  0  0 47  0  0  0  0 57 49  0 52 54  0  0  0  0  0  0  0 66 64 60 61 59 58  0  0  0 70 73 74  0  0 71
 47  0 48  0  0 45 42  0  0 56  0 55 53 50  0  0  0 57  0 65 61  0 62 63 58  0 64  0  0  0 69 71 75 67 73 70  0 79  3  0  0  2 81  0 77  0  4  5  0 11  9  0 12 10 21  0 14 16 18  0 19 20 15 27 29 26  0 28 24  0  0  0 39 32 36 34 37 38 33 31 35
 56 52 57  0 49  0  0 53 55 65 61  0  0 59  0  0  0 66  0 74 70 69 71 72 67  0  0 81  0 77 78 80  3 76  1 79  0  7 12 10  4 11  0  6  5  0  0 14  0  0  0  0 21  0 30 22 23 25 27  0 28 29  0  0 38  0 39 37  0  0  0 31  0 41  0  0 46  0 42 40 44
 39 35  0 33 32 37  0 36 38 48 44  0 45  0  0 46 43 49  0 57 53 52  0 55 50 58 56 64  0 60 61  0 67  0 65 62 72  0 76 74 68 75 73  0 69  0  0 78 79  3  0 80  0  2 13  5  6  8  0  9 11 12  7  0 21  0 22 20 16 17 15 14 31 24 28 26  0 30 25 23 27
  0  0  0  0  0 28  0  0  0 39 35 38 36 33  0 37  0 40  0 48 44  0 45 46 41 49 47  0 57 51 52 54 58 50 56 53  0 62  0 65  0 66 64 61  0  0 68  0  0 75  0 71  0  0  4 77 78 80  0 81  2  3  0  0 12  9 13 11  7  0  6  5 22  0  0 17 20 21  0 14 18
 12  8  0  6  0  0  7  9  0 21 17  0  0 15  0 19  0 22 24  0 26  0 27 28  0  0 29  0  0  0  0 36 40 32 38  0 45  0 49 47 41 48 46 43 42 54 50 51 52 57 55 53 58 56 67 59 60 62 64 63  0 66 61 73 75 72 76  0 70 71 69  0  4 78  1 80  0  0 79 77 81
  0 62 67 60 59  0 61  0  0 75  0 74 72 69  0 73  0 76  0  0  0 79 81  1  0  4  0  0 12  6  0  9  0  5  0  0 18 17  0 20 14 21 19  0  0 27 23  0 25 30 28 26  0 29 40 32 33 35 37 36  0  0  0 46 48  0 49 47  0 44 42 41 58 51  0 53 56 57  0  0 54
 21 17  0 15 14 19  0  0 20  0 26 29 27 24 23 28  0 31 33 39 35 34 36 37  0 40  0 46  0 42 43 45 49 41  0  0 54 53  0 56  0  0  0 52  0 63 59  0 61 66  0 62  0 65 76  0 69 71 73  0 74 75 70  1  3  0  0  2 79 80 78 77 13  6  0  8 11 12  7  5  0
  0 53  0  0 50 55 52  0 56  0 62 65 63 60 59  0  0  0 69 75  0 70  0  0 68 76  0  0  0  0 79 81  4 77  2 80  9  0 13 11  0 12 10  7  0 18 14 15  0  0  0 17 22  0  0 23 24 26 28  0 29 30  0  0 39 36  0  0 34  0  0 32  0  0 46  0 47 48  0 41 45
  0  0 49 42  0  0 43 45 47 57 53  0 54 51 50 55 52  0 60 66  0 61 63  0 59 67  0 73 75 69 70  0  0 68  0 71 81 80  4  0  0  3  1  0 78  9  5  6  7 12  0  0 13  0 22 14  0  0  0 18 20 21 16 28 30 27  0 29 25 26 24  0 40  0 37 35 38  0  0  0  0
  3 80  0  0 77  1 79 81  0 12  8  0  9  6  5 10  7 13 15 21  0 16 18 19 14  0 20 28  0  0 25 27  0 23  0  0 36  0 40  0 32 39 37 34 33 45  0 42 43 48 46 44 49 47 58 50  0  0 55  0  0  0 52  0 66 63 67 65 61 62  0  0 76 69 73 71 74 75  0 68 72
  0  0  0 69  0 73 70 72  0  3 80  2 81 78  0  1 79  4  6  0  8  7  9 10  5  0  0 19 21 15 16 18 22  0  0  0  0  0 31 29  0 30 28 25 24 36  0  0  0  0 37 35  0 38 49 41  0  0 46  0 47 48  0 55  0 54  0 56  0  0 51  0  0 60 64 62  0 66 61 59 63
  0  0 68 61 60  0 62 64 66 76  0 75 73 70 69 74 71  0 79  4 81 80  1  2 78  5  3 11 13  7  0  0  0  0 12  9 19 18 23 21 15 22 20 17  0  0  0 25 26 31 29  0 32 30 41 33 34 36 38 37 39 40 35 47 49  0 50  0 44 45 43 42  0  0  0 54  0 58  0  0  0
  0 81  5 79  0  2  0  1  0  0  0  0 10  7  0 11  8 14 16 22 18 17  0  0  0 23 21  0  0 25  0 28  0  0 30 27  0  0  0 39 33 40 38  0 34  0 42  0 44 49  0 45  0 48  0 51  0  0  0 55 57  0  0 65 67 64 68 66 62 63 61 60 77  0 74 72  0 76  0 69 73
 76  0 77 70 69  0  0 73 75  0  0  3  1 79 78  2  0  0  7 13  9  0  0  0  0 14 12 20  0 16 17 19 23 15 21 18 28 27  0  0 24 31 29 26  0  0 33 34 35 40 38  0 41 39 50 42 43  0 47 46 48 49 44  0  0  0 59  0 53 54  0 51  0 61  0 63 66 67 62  0 64
 40  0 41 34 33 38 35 37 39 49 45  0 46  0  0 47  0 50  0 58 54 53  0  0  0  0  0  0 67 61 62  0  0  0 66 63  0  0 77 75 69 76  0  0 70  1 78 79  0  4  0 81  0  3 14  6  7  9 11 10  0 13  8 20 22 19 23 21  0 18 16  0 32  0 29 27  0 31 26 24 28
  0  9 14  0  6 11  8 10 12 22  0  0  0 16 15  0  0 23  0  0 27  0 28  0 24  0 30 38 40 34  0  0 41 33  0  0 46  0 50 48  0 49 47 44 43 55 51  0 53 58 56  0 59  0 68 60  0  0 65 64 66 67 62 74 76  0 77 75 71 72 70 69  5 79  0  0  3  0 80 78  0
 22 18 23 16 15  0  0 19 21 31  0  0 28  0 24 29 26 32 34  0 36  0 37  0  0 41 39  0 49  0 44 46  0  0  0  0 55  0 59  0  0 58  0  0  0 64  0 61 62  0  0 63 68  0 77 69 70 72  0 73  0 76 71  2  4  1  5  0 80  0  0 78 14  7  0  9 12 13  8  6 10
 49 45  0  0 42  0 44 46 48 58 54 57 55 52 51 56 53 59  0 67 63 62 64 65  0 68  0 74  0 70  0 73  0 69 75 72  1 81  0  3 78  0  2  0 79 10  0  0  8  0 11  9 14 12 23  0 16  0 20 19 21 22 17  0 31 28  0  0 26  0 25  0 41 34  0 36 39  0 35  0  0
  0  0 32  0 24 29  0 28  0  0 36 39 37  0  0  0 35 41 43  0 45 44  0 47 42  0  0 56 58 52  0  0 59  0  0  0  0  0 68 66 60 67 65  0 61  0 69 70 71 76 74 72 77  0  5 78 79 81  0  1  0  0 80 11  0 10  0 12  0  9  7  6 23 16 20 18  0  0 17 15 19
 58 54 59 52  0  0  0 55  0 67  0 66 64  0 60 65 62 68 70  0 72 71  0  0 69 77 75  2  4 79 80  1  0  0  0  0  0  9 14 12  6  0 11  0  7 19  0  0  0 22  0 18 23  0 32 24  0  0  0 28 30 31 26  0 40 37 41 39 35 36 34 33 50  0  0 45 48 49 44  0 46
  0  0  0  0  7  0  9  0  0 23  0 22  0 17  0  0  0 24  0 32 28  0 29 30 25 33  0  0 41 35 36 38 42 34 40 37 47 46 51 49 43 50 48 45 44  0 52 53  0 59  0 55 60 58 69  0 62  0 66 65  0 68 63 75 77 74 78 76 72  0 71  0  6  0  0  0  4  5 81 79  0
  0  1  6 80 79  0 81  2  4 14 10 13 11  8  7  0  9  0 17  0  0  0 20 21 16 24 22  0 32 26 27  0 33 25  0  0 38 37 42 40 34 41 39 36 35 47  0  0  0 50  0 46  0 49 60 52 53 55 57 56 58  0 54 66 68 65 69 67  0 64  0 61 78 71 75 73 76  0 72 70 74
 68 64  0 62 61 66  0  0 67 77  0 76  0 71 70  0 72 78  0  5  1 81  2  3 79  0  4 12  0  8  9 11 15  7 13  0  0  0 24 22 16 23  0 18  0 29 25 26 27  0 30 28 33 31  0  0  0  0 39  0  0  0  0  0 50 47 51  0 45  0 44  0 60  0 57 55 58 59 54 52  0
  0 73 78 71 70 75 72  0 76  0  1  4  0 80 79  3 81  0  8 14 10  0  0 12  7  0 13 21 23 17  0 20 24 16 22 19 29 28 33  0 25 32  0 27 26 38 34 35 36 41  0 37  0  0 51 43 44 46 48 47  0 50  0 57  0  0 60 58  0  0 53  0 69  0 66 64 67 68  0  0 65
  0 46 51  0 43  0  0 47 49 59 55  0 56 53 52 57 54 60 62 68 64 63 65 66  0 69 67  0 77  0  0  0 78 70 76  0  0  1  6  0 79  5  0  0 80 11  7  0  9 14 12  0 15  0 24 16 17 19  0 20 22  0 18 30  0 29 33  0  0  0 26 25 42 35  0 37  0 41  0  0  0
  0 19 24 17 16 21  0 20 22  0 28 31 29 26  0 30  0  0 35  0 37  0  0  0 34 42 40 48  0 44 45 47  0 43  0 46  0 55 60  0 52 59 57  0 53  0 61 62  0  0  0  0 69  0  0 70 71  0  0  0 76  0  0  3  0  0  6  4 81  0 80 79 15  8 12 10  0 14  9  0 11
 59  0  0 53 52 57 54 56  0 68 64 67 65 62 61 66 63 69 71  0 73 72 74 75 70 78 76  3  0 80 81  2  6 79  4  0 11 10 15 13  7  0 12  9  8  0 16 17  0 23  0 19 24 22 33  0 26 28 30  0 31 32  0 39  0 38  0 40 36 37 35 34 51 44  0 46 49 50 45 43  0
 32 28 33 26 25  0 27 29  0  0 37 40  0 35  0  0  0 42 44  0 46 45 47 48 43 51  0 57  0 53 54  0 60  0  0  0 65  0 69 67 61 68 66 63 62 74 70 71 72 77  0  0 78 76  0 79 80  1  0  2  4  5  0  0  0  0 15 13  9 10  8  7 24 17 21 19 22  0 18  0 20
  0 37 42  0 34 39 36  0  0  0 46  0  0  0 43 48  0  0 53 59  0 54 56 57  0 60 58 66  0  0  0 65 69 61 67 64 74 73 78 76 70  0 75 72 71  0 79  0  0  5  3  1  6  4  0  0  8 10 12  0  0  0  0  0  0 20 24 22 18  0  0 16  0  0 30  0 31 32 27  0 29
 60  0 61 54  0 58 55  0  0  0 65  0 66 63 62 67 64 70  0 78  0 73 75 76 71 79  0  0  6 81  0  0  0  0  0  2  0 11  0  0  8  0  0 10  0  0 17 18  0  0  0 20 25 23 34  0 27  0 31  0 32 33  0 40  0 39  0  0 37  0 36 35 52 45 49  0 50 51  0  0 48
  0  0 34 27 26 31 28  0 32  0  0 41 39 36  0 40  0  0 45 51  0 46  0 49  0 52  0  0  0 54 55 57 61 53  0 56 66 65 70 68  0 69 67  0 63  0  0 72 73  0 76 74 79 77  0 80 81  0  0  3  5  0  1 13 15  0  0  0  0 11  0  8  0 18 22 20 23 24 19 17 21
 78  0  0 72 71 76  0 75 77  6  2  5  3 81 80  4  1  7  9 15 11 10  0  0  8  0  0  0 24 18 19 21 25  0  0 20 30 29  0  0  0 33 31 28  0 39  0 36 37  0 40  0  0  0  0 44 45  0  0  0  0  0 46 58  0  0  0  0  0 56 54 53 70  0 67 65  0 69 64  0 66
  0  2  0 81 80  4  0  3  0 15 11 14 12  9  8 13 10 16  0 24 20  0 21 22  0  0 23  0 33  0  0 30 34  0 32 29  0  0  0 41  0 42 40 37 36 48 44  0 46  0 49  0 52  0 61 53 54 56  0 57 59 60 55  0 69 66  0  0 64 65 63  0 79  0 76 74  0 78 73 71 75
  0 38  0  0 35 40 37  0 41 51  0  0 48  0 44  0  0 52 54 60 56 55 57  0 53  0 59 67  0 63  0 66 70  0 68 65 75 74  0 77 71 78 76 73 72  3 80  0  0  0  4  2  0  0 16  8  0  0 13 12 14 15 10 22 24  0 25 23 19  0 18  0 34 27  0 29  0  0  0 26 30
  0 11  0  0  0  0 10 12 14 24 20 23 21 18  0 22 19 25 27  0 29  0 30 31  0 34 32 40  0 36 37  0  0 35 41 38  0 47  0 50 44  0 49 46 45 57  0  0 55  0 58 56 61 59 70 62 63  0 67  0 68  0  0 76 78 75 79  0  0  0  0  0  7 81  4  2  0  0  1 80  0
  0 65 70  0 62  0 64 66 68 78 74 77 75  0 71 76 73 79 81  6  0  1  3  4 80  7  0  0 15  0 10 12  0  8 14 11 21  0  0  0  0 24  0 19 18  0  0  0 28 33 31  0  0 32 43  0  0 38  0 39 41 42  0  0 51 48 52  0 46 47 45 44 61 54 58 56  0 60  0  0  0
 24 20  0 18 17 22  0 21  0 33  0 32 30 27 26 31  0 34  0  0 38 37 39 40  0 43 41 49 51  0 46 48 52 44 50  0 57 56 61 59  0 60  0  0 54  0 62 63 64 69 67  0 70  0  0 71 72  0 76  0 77 78 73  0  6  3  7  5  1  2  0 80 16  9 13  0 14  0 10  8  0
  0 47 52  0 44 49 46  0 50 60  0  0 57 54 53  0 55  0 63 69 65  0 66 67 62 70 68 76 78 72  0 75  0  0  0 74  0  2  7  5 80  6  4  1 81 12  8  0  0 15 13 11 16 14 25  0  0  0  0 21  0 24 19 31 33 30 34  0 28  0 27 26 43  0  0 38 41  0 37 35  0
 61 57 62 55 54 59  0 58 60 70 66  0  0  0 63  0  0 71 73 79  0 74  0 77 72  0 78  0  7  0  2  0  8  0  0  3 13 12 17 15  0  0 14 11  0 22 18 19 20  0  0 21 26  0 35  0  0 30  0 31  0  0 29 41  0 40  0  0 38 39  0 36  0 46 50 48  0  0 47 45 49
 43 39 44  0 36 41 38 40 42 52  0  0  0  0 45 50  0 53 55 61 57 56 58 59 54  0 60  0 70  0 65 67 71 63 69 66  0 75  0 78  0 79 77 74 73  0  0  1  2  7  5  3  8  0  0  0 10  0 14 13 15 16 11 23  0  0 26 24  0  0 19  0 35 28 32 30  0  0  0  0 31
  0  0 53  0 45 50 47 49  0 61 57 60 58  0  0 59  0  0  0 70 66 65 67 68 63  0  0 77 79 73 74  0 80 72 78 75  0  0  8  0 81  0  5  2  1  0  9  0 11 16 14  0  0 15 26 18 19 21 23 22  0 25 20 32 34 31 35 33  0  0 28 27 44 37  0 39 42 43  0 36  0
 25 21  0  0 18 23 20 22 24 34 30  0 31  0  0 32 29 35 37  0 39 38 40 41  0 44 42 50  0  0 47 49 53 45  0  0  0  0  0 60 54 61 59 56 55  0 63 64  0 70  0 66 71 69 80  0 73  0 77 76 78 79 74  0  7  0  0  6  2  3  1 81  0 10 14 12  0 16 11  0  0
  0  0 80  0 72 77 74  0  0  7  0  0  4  1  0  0  0  0  0 16 12 11 13 14  9 17  0 23 25 19 20  0 26  0  0 21 31 30 35 33  0 34 32  0  0  0 36 37 38 43 41  0  0 42 53 45 46 48  0 49 51 52 47  0 61 58  0 60  0 57  0  0 71 64  0 66 69 70 65  0 67
  0  0  0  0  0 14 11  0  0  0  0 24 22 19  0 23 20 26  0  0  0 29 31  0  0 35 33  0  0 37  0 40 44  0 42 39 49 48 53  0  0 52  0 47 46  0 54  0  0 61 59  0 62 60  0 63  0 66 68 67 69 70 65 77  0 76 80  0 74 75  0 72  8  1  0  3  0  0  2  0  4
 70 66  0 64 63  0 65  0 69 79 75 78 76 73  0 77  0 80  0  7  3  0  0  5  0  8  0 14 16 10 11 13 17  9 15 12 22  0 26  0 18  0 23 20  0 31 27 28 29 34 32 30 35 33 44  0 37  0  0 40 42  0  0  0 52 49 53 51 47 48  0 45 62  0 59 57 60  0 56 54 58
  7  3  8  0  0  5  0  0  0  0 12 15 13 10  0 14 11 17 19  0 21 20 22 23  0  0 24 32  0 28  0 31 35  0 33 30 40 39  0  0 36  0 41 38 37  0  0 46 47 52  0 48 53 51 62 54  0  0 59 58  0 61 56 68  0 67  0 69 65 66 64  0 80  0 77  0  0 79 74  0 76
 34  0 35 28  0  0 29 31 33 43 39 42  0  0 36 41 38 44 46 52 48 47  0 50  0  0  0  0 61 55 56 58  0 54 60 57  0 66  0 69 63 70  0 65  0 76 72  0 74  0  0 75 80  0  0 81  1  3  5  4  0  0  2 14  0 13  0 15 11  0 10  9  0 19  0 21  0  0 20  0  0
