9
 57 56 55 59 63  0 60  0 61  0 64  0 66 68 67 65 71 70  0 76 80 78  0 74 77 79 81  6  2  5  1  3  4  9  7  8  0 10 16  0 17 12 18 11 14 20 22 26 21  0 19  0 25 27  0 35 30  0 31 29  0 36 34  0 41 42  0 45 37  0  0 44 50 48 49 54 52 51  0  0 47
  0 11 10 14 18  0 15 17 16 24  0 27 21  0 22  0 26 25 28 31  0 33 30 29 32 34 36 42  0 41  0 39  0 45 43 44  0 46 52 49 53 48 54 47 50 56 58 62 57 60 55 59  0 63  0  0 66 68  0 65 64 72 70 76 77  0 74 81 73  0 75 80  5  0  4  9  0  6  0  8  2
 39  0 37 41 45 40  0 44 43 51 46 54  0 50  0 47 53 52 55 58 62  0 57  0 59 61  0 69 65 68 64 66 67 72 70 71  0  0 79 76 80 75 81 74 77  2  4  8  3  0  1  5  7  9 15 17 12 14  0 11 10 18 16 22  0 24 20  0 19 25 21 26  0  0 31 36 34  0 28 35 29
 75 74  0 77 81 76 78 80  0  6  0  9  0  5  0  2  8  7 10 13 17  0 12 11 14  0 18 24 20 23 19 21 22 27 25 26 33 28 34 31 35  0 36 29 32 38 40 44 39  0  0 41  0 45  0  0 48 50 49 47 46 54  0 58 59 60 56 63  0 61 57 62 68 66 67 72  0 69 64 71  0
  3  2  0  0  9  0  6  8  7 15 10  0 12 14  0 11 17 16 19  0 26 24  0 20 23 25 27 33 29 32 28 30  0 36  0 35  0 37 43 40  0  0 45  0 41 47 49 53 48 51 46  0 52 54 60  0  0  0  0 56  0 63 61  0 68 69 65 72 64 70 66 71 77 75 76 81 79  0 73 80 74
 66 65 64 68 72 67 69 71 70  0 73 81  0 77 76 74 80  0  1  0  8  6  3  2  0  7  0  0  0  0 10  0 13 18 16 17  0  0 25 22 26 21 27 20  0 29 31  0 30  0 28 32  0 36  0 44 39  0 40 38 37 45  0 49 50 51 47  0 46 52 48 53 59  0  0 63 61  0 55  0  0
 30 29  0  0  0 31  0 35 34 42 37 45  0 41  0 38  0 43  0 49  0  0 48 47 50 52  0 60 56  0  0  0  0  0 61  0  0 64  0 67 71 66 72 65 68 74 76 80  0 78  0 77 79 81  6  0  0  0  4  0  1  9  7  0 14 15 11 18  0 16 12  0  0 21  0  0  0 24 19  0 20
 21 20 19 23  0  0 24 26 25 33  0 36 30 32 31  0  0 34 37 40 44  0 39 38  0  0 45 51  0  0 46  0 49 54 52 53 60 55 61 58 62 57 63 56 59 65 67 71 66 69 64 68 70 72 78 80  0  0 76 74 73 81 79  4  0  6  2  9  0  7  3  8  0 12 13 18 16 15 10 17 11
 48 47  0 50 54  0 51 53  0 60 55 63  0  0  0  0 62 61 64 67 71 69  0 65 68 70  0 78 74 77 73 75 76  0 79 80  0  1  0  0  8  3  9  2  0 11  0 17 12 15 10 14  0  0 24 26  0  0  0 20  0 27  0  0 32 33 29 36 28 34  0 35  0 39 40 45 43 42 37 44 38
 22 21 20 24 28 23 25 27 26  0 29 37  0 33 32 30 36 35  0 41 45  0 40  0  0 44  0  0  0 51  0 49 50  0 53  0  0  0  0  0 63 58  0 57 60 66 68 72 67  0  0 69  0 73 79 81 76 78 77  0 74  0  0  5  6  7  3 10  2  0  4  9  0 13 14  0 17 16 11 18 12
 31 30 29  0 37 32 34 36  0 43 38 46 40 42 41  0  0 44  0  0 54 52 49 48 51 53 55 61 57 60  0 58  0 64  0 63 70 65 71 68 72 67 73 66 69  0  0 81 76 79 74 78 80  0  7  9  0  6  5  3  2 10  8 14 15 16 12  0  0 17 13 18 24 22 23  0  0 25 20 27  0
 67  0  0 69 73 68 70 72  0 79  0  0 76 78 77 75 81 80  2  0  9  7  4  3  6  8 10 16 12 15 11 13 14 19  0 18 25  0 26  0 27 22 28  0 24 30  0 36 31 34 29 33 35 37  0 45  0  0 41  0 38 46 44  0 51  0 48 55 47 53 49  0 60 58  0 64 62 61  0  0 57
  4  3  2  6  0  5  7  9  8  0 11 19 13 15  0 12 18 17 20  0  0 25 22 21 24 26 28 34 30  0  0  0 32 37 35 36 43 38 44 41 45  0 46  0 42 48 50 54 49  0 47 51  0 55  0  0 58 60 59 57  0  0 62 68 69  0 66 73 65 71  0 72 78 76 77  1 80 79  0 81 75
 40 39 38 42 46 41 43 45 44 52 47 55 49  0 50 48  0  0 56 59 63 61  0 57  0  0 64 70 66 69  0 67 68  0 71 72  0  0 80 77 81 76  1 75  0  3  5  9  4  7  2  0  8 10  0  0  0  0 14  0 11  0 17 23 24  0 21 28 20  0 22  0 33 31  0  0 35 34 29 36  0
 13  0 11 15  0  0 16  0 17 25 20 28  0  0 23 21 27 26 29 32 36 34  0 30  0  0  0 43  0  0 38  0 41 46  0 45 52  0 53 50 54 49  0 48 51 57  0  0 58 61 56 60  0 64 70 72 67 69 68 66 65 73 71 77 78  0 75  0 74 80 76 81  6  4  0 10  0  7  2  9  3
  0 57 56 60  0 59 61 63 62  0 65 73 67 69 68 66 72  0  0 77 81 79  0 75 78 80  1  7  3  6  2  0  5 10  0  0  0 11 17 14  0 13 19 12  0  0 23 27 22 25 20 24  0 28 34  0  0 33 32 30 29  0 35  0  0 43 39 46  0 44 40 45 51 49 50  0 53 52 47 54 48
 76 75 74 78  1  0  0 81  0  7  2 10  4  0  5  3  0  8 11  0 18 16 13 12 15 17 19  0 21  0  0 22 23 28 26 27 34 29  0  0  0 31 37 30 33  0 41 45 40 43 38  0 44 46  0 54 49 51 50 48  0 55 53 59 60 61 57 64 56 62 58 63 69 67  0  0 71 70 65 72  0
 49 48 47  0  0  0 52 54  0 61 56 64 58 60 59 57  0  0  0 68 72 70 67  0 69 71 73 79 75 78  0 76  0  1 80 81  7  2  0  0  9  4 10  3  6  0 14 18  0  0 11  0  0 19 25 27 22 24 23 21 20 28 26 32 33  0 30 37 29  0 31 36 42 40  0 46 44  0  0 45  0
  0 67 66  0 74 69 71 73 72  0  0  2 77 79 78  0  1 81  0  6  0  8  5  4  7  9 11  0  0  0  0 14  0  0 18 19 26  0  0 24 28 23 29 22  0 31 33 37 32 35  0 34 36 38 44  0  0 43 42 40  0  0 45 51 52  0 49 56  0 54 50  0  0 59 60  0 63  0  0 64  0
 41 40 39  0 47 42 44 46 45 53 48  0 50 52  0 49 55 54 57 60  0 62 59  0 61  0 65 71 67 70  0 68 69 74 72  0 80 75 81 78  1 77  2  0  0  0  6  0  5  8  3  7  9 11 17 19 14 16 15 13  0 20  0 24 25  0 22 29 21 27  0 28 34 32 33  0 36 35  0 37  0
 14  0 12 16 20 15 17 19 18  0 21 29 23 25 24 22  0 27 30 33 37 35  0 31 34 36 38 44 40  0 39 41 42 47 45  0 53 48 54  0 55 50 56 49  0 58 60 64  0 62 57  0  0 65 71 73 68 70  0 67 66  0 72 78 79  0 76  2 75 81  0  1  0  5  6 11  9  8  3 10  4
 50 49  0 52  0  0  0 55  0 62 57 65  0  0 60 58 64 63 66 69 73  0  0  0  0 72  0 80  0  0 75 77 78  2 81  1  8  0  0  6 10  5 11  4  0 13 15 19 14 17 12 16  0 20 26  0  0 25 24 22 21 29  0 33 34 35 31 38  0 36  0  0 43  0 42 47 45  0  0 46 40
  0 76 75  0  2  0 80  1 81  8  3 11  5  7  6  4 10  9 12 15  0 17 14 13 16 18 20  0 22  0 21 23 24 29 27 28 35 30 36 33 37 32 38 31 34 40 42 46  0 44 39 43 45 47 53 55 50 52 51 49  0  0 54  0 61 62  0  0 57  0 59 64 70 68 69 74 72  0 66 73 67
 23 22 21  0 29  0  0 28 27 35 30 38 32 34  0 31 37  0 39 42 46  0  0  0 43  0 47 53 49 52 48 50 51 56 54  0 62  0 63  0  0 59 65 58 61 67  0 73 68 71 66 70 72 74  0  0  0 79  0 76  0  2 81  6  7  8  4 11  3  9  0 10 16  0 15 20 18  0 12 19 13
 59 58  0 61 65 60  0 64 63 71 66 74 68 70 69  0 73 72  0 78  0 80 77 76  0 81  2  8  4  7  3  5  6 11  9 10  0 12 18 15 19 14  0 13 16 22  0 28 23 26 21 25 27 29 35 37 32 34 33 31 30 38 36 42 43 44 40 47 39 45 41  0 52 50 51  0  0 53  0 55 49
  5  4  3  7 11  0  0 10  9 17 12 20 14 16 15 13 19 18 21 24 28  0 23 22 25 27 29 35  0 34 30 32 33 38 36 37 44 39  0  0 46 41 47  0 43 49  0 55 50  0 48 52 54 56 62 64 59 61  0  0  0  0 63  0 70 71 67 74 66 72 68  0 79  0 78  2 81 80  0  1 76
 32  0 30 34 38 33 35 37 36 44  0 47  0  0  0 40 46 45 48 51 55 53  0 49 52 54 56  0 58 61  0 59  0 65 63 64 71 66 72 69 73 68 74 67 70 76 78  1 77  0  0 79 81  2  8 10  0  7  6  4  0 11  9  0 16  0 13 20 12 18 14  0 25  0 24 29 27  0  0 28 22
  6  0  4  8 12  7  0 11 10 18 13 21 15  0  0  0 20 19  0 25  0 27 24 23  0 28 30 36  0 35 31 33  0 39 37  0 45 40  0  0 47 42 48 41 44 50 52 56  0 54 49 53 55  0 63 65 60  0 61 59 58  0 64 70  0 72 68 75  0  0 69  0 80 78 79  3  1  0 76  0  0
 78 77 76 80  3 79 81  2  1  9  4 12  6  8  7  5 11 10 13 16 20 18  0 14 17 19 21  0 23 26 22 24 25  0 28  0  0 31 37 34  0 33 39 32 35 41  0 47  0  0 40 44  0  0 54  0  0  0 52 50 49 57  0 61  0  0 59 66 58 64 60  0 71 69 70  0 73  0  0 74  0
 42 41  0 44 48  0 45 47  0  0 49 57  0 53  0 50 56 55 58 61 65 63 60  0 62 64  0  0 68 71 67 69 70 75 73  0 81  0  0 79  2  0  3 77  0  5  0 11  0  9  4  0 10 12 18 20 15 17 16 14  0 21 19  0 26 27 23  0  0 28 24 29 35 33 34 39 37 36 31 38 32
 24 23 22 26  0  0 27 29 28  0 31  0 33 35 34  0  0 37 40 43 47 45  0 41  0 46 48 54 50 53 49 51 52  0  0  0 63 58 64  0 65 60 66  0 62 68 70  0  0 72  0 71  0 75 81  2 78  0 79 77 76  3  1  7  8  9  5  0  4 10  6 11 17 15 16 21 19  0 13 20 14
 60  0  0  0 66 61  0 65 64 72 67 75 69 71 70 68 74 73 76  0  0  0 78 77  0  1  3  9  0  0  4  6  7 12 10  0 18 13 19 16 20 15  0 14  0  0 25 29 24 27 22 26 28  0  0 38 33  0 34 32  0 39  0 43  0 45  0 48 40 46 42  0 53 51 52 57 55 54 49  0  0
 33 32 31 35 39  0 36  0 37  0  0 48  0  0  0  0 47 46 49 52 56 54  0 50 53 55 57  0 59 62 58 60 61 66 64 65 72 67 73 70 74 69 75 68 71 77 79  2 78  0 76 80  1  3  9 11  6  8  7  5  4 12 10 16 17 18 14 21  0 19 15 20 26  0 25 30 28  0  0 29 23
  0  0 67 71 75  0  0 74 73  0  0  0 78 80 79 77  2  0  4  7 11  9  6  0  8  0 12 18 14 17 13 15 16 21  0 20 27  0 28 25  0  0 30  0 26 32 34 38 33 36 31 35 37  0 45 47 42  0  0  0 40 48 46  0 53 54 50 57 49  0 51 56 62 60  0 66  0 63 58 65 59
  0  0 49 53 57 52  0 56 55  0  0 66  0  0 61 59 65  0 67 70 74 72 69  0 71  0  0 81 77 80 76 78 79  3  1  2  0  4 10  7 11  6 12  5  8 14  0 20 15 18 13 17  0 21 27 29  0 26 25 23 22 30 28 34 35  0 32 39 31 37 33 38 44 42  0  0 46 45 40  0 41
  0  0  0 17  0 16 18 20  0 27  0  0 24  0 25 23 29 28 31 34  0 36 33  0  0  0  0 45 41 44  0 42 43 48 46 47 54 49  0 52 56 51  0 50  0 59 61  0 60 63  0 62 64 66 72  0 69  0 70 68 67  0 73 79 80 81  0  0 76  1 78  2  8  0  0 12  0  9  4 11  5
 70 69  0 72  0  0 73  0  0  1  0  4 79 81 80 78  3  2  5  8  0 10  7  6  9  0  0 19 15 18  0 16 17 22  0 21 28  0 29  0 30 25 31 24  0  0 35 39  0 37 32 36 38  0 46 48  0  0  0  0 41 49 47 53 54 55 51  0  0 56  0  0 63 61 62  0  0 64 59 66 60
 43 42 41 45 49 44  0  0 47 55 50  0 52 54 53 51 57  0 59  0 66 64 61 60 63  0 67 73 69 72 68 70 71 76  0 75  1 77  0 80  3  0  4 78 81  6  8 12  7  0  5  9 11 13  0 21 16 18  0  0 14 22 20 26 27 28 24  0  0 29 25 30  0  0 35 40 38 37 32  0  0
  0 15 14  0 22 17 19 21 20 28 23 31  0 27 26 24  0 29  0 35 39 37 34 33 36 38 40 46 42 45 41 43 44 49  0  0 55 50 56 53 57 52  0 51 54  0 62 66 61  0 59 63 65  0 73 75 70  0 71 69  0 76 74 80 81  1 78  0 77  2 79  3  0  7  8 13 11 10  5 12  6
  0 24  0  0  0  0 28  0  0 37  0 40 34 36 35 33 39 38 41 44 48 46  0 42 45 47 49  0 51 54 50 52 53 58 56 57 64  0 65 62 66 61  0  0  0 69 71 75  0  0 68 72 74  0  1  3  0 81 80 78 77  4  2  0  9  0  6 13  5 11  7 12 18  0 17 22 20 19 14 21  0
 79  0 77 81  0 80  1  3  0 10  5 13  7  9  8  6 12  0 14  0 21 19 16 15 18 20  0 28  0 27 23 25  0  0 29  0 37 32  0  0 39 34 40 33 36 42 44 48 43 46  0 45 47 49 55  0 52 54  0  0 50 58  0 62 63  0 60 67  0 65 61 66 72 70 71 76 74 73 68 75 69
 52  0 50  0 58 53 55  0 56  0 59 67  0 63 62 60  0 65 68  0 75 73 70 69  0  0 76  1  0 81 77 79 80  4  2  0 10  0 11  8 12  7 13  6  9 15 17  0  0 19 14 18  0 22 28 30 25  0 26 24 23  0 29 35 36  0  0  0 32  0 34 39 45 43  0  0 47 46 41 48 42
  7  6  5  9  0  8  0 12 11 19  0 22  0 18 17 15 21  0  0 26  0 28  0 24 27 29  0  0 33 36 32  0 35 40 38 39 46 41 47 44 48 43 49 42 45 51 53 57 52 55 50 54 56 58 64 66 61 63 62 60 59 67  0 71 72 73 69 76  0  0 70 75 81 79 80  4  2  1 77  3 78
  0 33 32 36 40 35 37 39 38 46 41 49 43 45 44  0 48  0 50 53 57 55 52  0 54 56 58 64 60 63  0 61 62 67 65 66 73 68 74  0 75  0 76 69 72 78 80  3 79  0  0  0  2  0 10 12  7  9  8  6  5 13 11 17  0  0 15 22 14 20 16 21 27 25 26 31 29 28 23 30 24
 61 60 59  0 67 62 64 66  0 73 68 76 70 72  0 69 75 74  0  0  0  1 79 78 81  0  4  0  6  9  5  0  0 13 11 12 19 14 20 17 21  0 22  0 18 24 26 30 25 28 23 27 29  0 37  0  0 36 35 33 32 40 38 44  0 46 42 49 41 47  0 48 54  0 53 58 56  0 50 57 51
 62 61 60 64 68  0 65  0 66 74 69  0 71 73 72 70 76 75 78 81  4  2 80 79  1  3  5 11  7  0  0  0  9  0 12 13 20 15 21 18 22 17 23  0 19 25 27 31 26 29  0 28 30 32 38 40 35 37 36 34 33 41 39 45 46 47 43 50 42  0 44 49 55  0 54  0 57 56  0 58  0
  8  0  6 10 14  9 11  0 12  0 15 23  0  0 18 16 22  0 24 27  0  0 26  0 28 30  0 38 34  0 33  0  0 41  0 40 47  0 48  0 49 44 50 43 46  0  0 58 53 56 51 55  0 59 65 67 62 64  0  0 60 68 66 72  0 74 70 77 69 75 71 76  0 80  0  5  3  0 78  4 79
  0 79 78  1  5 81  2  4  3 11  0 14  8 10  0  7  0  0  0 18 22 20 17 16 19 21 23  0 25 28 24  0 27 32 30  0 38 33 39  0 40 35  0 34  0  0 45 49 44  0 42  0 48 50  0  0 53 55  0  0 51  0 57 63 64 65 61 68 60 66 62 67 73  0 72 77  0 74 69 76  0
 44  0 42 46  0 45 47 49 48 56 51 59 53 55 54 52 58 57 60 63 67 65 62  0 64  0 68 74 70 73 69  0 72 77 75  0  2 78  3 81  0 80  5 79  1  7  9 13  8 11  0 10 12 14 20 22 17 19  0 16  0 23 21  0 28  0 25  0  0  0 26 31 37 35 36 41 39  0 33 40 34
  0 52 51 55 59 54  0 58 57 65 60 68 62 64  0  0 67 66 69 72  0  0 71 70 73 75 77  2 79  1 78 80  0  5  0  4 11  6 12  9  0  0 14  7 10  0 18 22  0 20  0 19  0 23  0 31 26 28  0  0 24 32 30 36 37 38 34 41 33 39 35 40 46 44 45 50 48  0  0 49  0
 17 16 15 19 23 18  0 22 21 29 24 32 26 28  0 25 31  0  0 36  0 38 35 34 37 39 41  0  0 46  0 44  0  0  0 49  0  0  0  0 58  0 59 52 55 61 63 67 62  0  0 64  0 68  0 76 71 73 72 70 69 77 75  0  1  2 79  5 78  3 80  4 10  8  9 14 12  0  6 13  7
  0 25 24 28 32 27 29 31  0  0  0 41 35 37 36  0  0 39 42 45  0 47 44 43  0  0  0 56 52  0 51  0  0 59  0 58 65 60 66  0 67  0 68 61  0 70 72 76 71 74 69  0  0 77  0  0 80  1 81 79 78  5  0  9 10 11  7  0  6 12  8  0 19 17 18 23  0 20 15  0 16
  0 70 69 73 77  0  0 76 75  2 78  0  0  1  0 79  0  3  0  9 13  0  0  7 10 12 14 20 16 19 15 17 18 23 21  0 29 24  0 27 31 26 32 25 28 34  0 40 35 38 33  0 39 41 47 49 44 46  0 43 42 50 48 54 55  0  0 59 51  0 53  0 64 62 63 68 66  0  0 67 61
 35 34 33 37 41  0 38 40 39 47  0 50 44 46 45  0 49 48  0 54 58  0 53  0  0  0  0  0 61  0  0 62 63  0 66 67  0 69 75  0 76  0 77 70  0 79 81  4  0  0 78  1  3  0 11 13  8 10  9  7  6 14  0 18 19 20 16 23  0 21  0 22 28 26 27 32 30 29 24 31 25
  0 17 16 20 24 19 21 23 22 30 25  0  0 29 28 26 32 31 34 37  0  0 36 35 38 40 42 48 44 47 43 45 46  0  0  0 57 52 58 55 59 54 60 53  0 62 64 68  0  0 61 65  0 69 75  0 72 74  0 71 70  0 76  1  2  3 80  6 79  4 81  0 11  9 10 15  0 12  0 14  8
 54 53 52 56  0  0 57 59 58 66 61 69 63 65 64 62 68 67 70 73 77 75 72 71 74 76 78  3 80  2 79 81  0  6  4  0 12  7 13 10  0  9 15  8 11 17 19 23  0 21 16  0 22 24 30 32 27 29 28 26  0 33 31 37 38 39 35 42 34 40 36  0 47 45 46 51 49 48 43 50 44
 36  0 34  0 42 37 39  0  0 48 43  0 45  0 46  0  0  0 52  0 59 57 54 53 56 58 60 66  0 65 61  0 64 69 67  0 75 70 76 73 77 72 78 71 74  0  1  5  0  3 79  0  4  6 12 14  0  0 10  8  0  0  0  0 20 21  0 24 16 22 18 23 29 27  0 33 31 30  0 32  0
  9  8  7  0  0  0  0  0  0 21  0 24  0  0  0 17 23 22 25 28 32 30 27  0 29 31 33  0 35 38 34 36 37 42 40 41 48 43 49 46 50 45 51 44 47 53 55 59  0  0 52  0 58 60 66 68 63 65  0 62  0 69 67  0 74 75 71 78  0 76 72 77  2 81  0  6  4  0 79  5  0
 63 62 61  0  0 64 66 68 67 75 70 78 72 74  0 71 77 76 79  1  5  3 81  0  2  4  0 12  8 11  7  9  0 15 13  0  0 16 22 19 23 18 24  0  0 26 28  0 27 30 25 29 31 33 39  0  0  0  0 35  0  0 40  0 47 48 44 51  0  0 45 50  0 54 55 60 58 57 52 59  0
 27 26 25 29 33 28  0 32 31 39  0 42 36 38 37 35  0 40 43 46  0 48 45 44 47  0 51 57 53  0  0 54  0 60  0  0 66 61 67  0 68 63 69 62 65 71  0 77 72  0 70 74 76 78  0  5  0  2  1 80 79  0  4 10  0 12  8 15  7 13  9  0 20 18 19 24 22 21 16 23 17
  0  0 43 47 51 46  0  0 49 57 52 60 54 56 55 53 59  0  0 64 68 66 63 62 65 67 69  0  0  0 70  0  0 78 76 77  0 79  0  1  5  0  6 80  0  0  0 14  9 12  7 11 13 15  0  0 18 20 19 17 16 24 22  0 29 30 26 33 25 31  0  0  0  0 37 42  0 39  0 41 35
 81 80 79  2  6  1  0  0  4  0  7  0  9 11 10  8 14 13 16 19 23 21 18 17 20 22 24  0 26 29 25 27  0 33 31 32 39 34 40 37 41 36 42 35 38  0 46 50  0  0  0 47 49 51 57  0 54 56 55 53 52 60 58 64 65 66  0 69 61 67  0 68 74 72 73 78 76 75 70  0 71
 72 71 70 74 78 73 75  0 76  3 79  0 81  0  1 80  5  4  7 10 14 12  0  8  0 13  0 21 17 20 16  0 19 24 22 23  0 25  0 28 32 27 33 26 29 35 37 41 36  0 34 38  0 42 48 50 45 47 46 44 43 51  0 55  0 57 53 60  0 58  0  0 65  0 64 69 67 66  0 68  0
 10  9  0 12  0 11 13  0 14 22  0 25 19 21 20 18 24 23  0 29  0 31  0 27 30 32 34 40 36 39 35 37 38 43 41  0 49 44 50 47 51 46  0 45  0  0 56 60 55 58 53 57 59 61 67  0  0 66  0 63 62 70 68  0 75 76  0 79  0  0  0 78  0  1  2  7  0  4 80  0 81
  0 72 71 75 79  0 76 78 77  4 80  7  1  3  2 81  6  5  8 11 15  0 10  9 12  0 16  0 18 21 17 19 20 25  0 24 31  0 32 29 33 28  0 27 30 36 38  0 37 40  0 39  0  0 49  0 46  0  0 45 44 52  0 56  0 58 54  0 53 59  0  0 66 64 65 70  0 67  0 69 63
 28 27 26  0 34  0 31 33 32 40 35  0  0 39  0 36 42 41  0  0 51 49 46 45  0 50 52  0 54 57 53 55 56 61  0  0 67  0 68 65 69  0 70 63 66 72 74  0 73 76  0 75 77 79  4  6  1  3  2 81 80  7  5 11  0 13  9 16  8  0  0 15 21 19 20  0 23 22 17 24 18
 46  0 44 48 52 47 49  0 50  0 53  0 55 57  0 54 60  0 62 65 69 67  0 63 66 68 70 76 72 75  0  0 74  0  0 78  4 80  5  2  6  1  7 81  0  9 11 15  0 13  8 12 14 16  0 24 19 21  0 18  0 25  0  0 30 31 27 34 26  0 28 33  0 37 38 43 41 40 35 42  0
 37  0 35  0  0 38 40  0 41 49 44 52  0 48  0 45 51  0 53 56 60  0 55 54 57 59  0 67 63 66  0  0 65 70 68 69 76 71 77 74 78 73  0 72 75 81  2  0  0  4 80  3  5  7 13 15 10 12  0  0  8 16 14  0 21 22 18 25  0 23 19 24 30  0 29 34  0  0 26  0 27
  0 18 17 21  0 20 22 24  0 31 26 34 28 30  0 27 33 32  0 38  0 40 37  0 39 41 43 49  0 48 44 46  0 52 50 51 58 53 59 56 60  0 61 54 57 63  0 69 64 67 62 66  0 70 76 78 73 75  0 72 71  0 77  2  3  0  0  7 80  5  1  6  0 10  0 16 14 13  8  0  9
 64  0 62 66 70 65  0  0 68 76 71 79 73 75 74  0 78 77 80  2  6  4  1 81  3  0  7  0  0 12  8 10 11 16 14 15 22  0  0  0 24 19  0 18 21  0  0 33 28 31  0  0 32  0  0 42  0 39 38  0  0 43 41 47 48 49 45 52 44  0 46 51 57 55 56 61  0 58 53 60 54
  0 81 80  3  0  2  4  0  5 13  8 16 10 12 11  9 15 14  0 20 24 22  0  0 21 23  0  0  0 30  0  0 29 34 32 33 40  0 41 38 42 37  0 36  0  0  0 51 46 49 44 48  0 52  0 60 55 57 56 54 53 61 59 65 66  0 63  0 62  0 64 69 75 73 74 79  0 76 71 78 72
 55 54  0  0 61 56 58 60  0 67 62 70 64 66 65 63  0 68 71  0 78 76 73  0 75  0 79  0 81  3  0  1  2  7  0  6 13  8  0 11  0 10 16  0  0 18 20  0  0  0 17 21 23 25 31 33  0  0  0 27  0 34 32  0 39 40 36  0 35 41 37  0 48  0  0 52 50 49 44 51 45
 65 64 63  0 71 66 68 70 69 77  0 80  0 76 75 73 79 78  0  3  7  5  2  1  4  0  8 14 10 13  9 11 12 17 15 16 23 18  0  0  0 20 26  0 22 28 30 34 29 32 27 31 33 35 41  0  0 40  0 37  0 44 42 48 49  0  0 53 45 51 47 52 58 56 57 62 60 59 54 61 55
 74 73 72  0 80  0 77  0  0  0  0  8  2  4  0  1  7  0  9 12 16 14 11  0 13  0 17 23 19 22  0 20 21 26 24 25 32 27 33 30 34 29 35  0 31 37 39 43 38 41 36 40 42  0  0 52 47 49 48 46 45 53 51 57 58  0  0  0  0 60 56 61 67 65 66 71 69  0 63 70 64
 38  0 36 40 44 39 41 43 42 50 45 53 47  0  0  0 52 51 54 57 61 59 56 55 58 60  0  0  0 67 63 65 66 71 69 70 77  0 78 75 79 74  0 73  0  1  3  7  2  5  0  0  0  8 14 16 11 13 12 10  0  0 15  0  0 23 19 26  0 24  0  0 31  0 30 35 33 32  0  0 28
 29 28  0 31 35  0  0 34 33 41 36 44 38  0 39 37 43 42 45 48 52 50 47 46  0  0  0 59 55 58 54 56 57  0 60 61  0 63 69 66 70 65  0  0 67  0 75  0 74  0 72 76 78 80  5  0  2  4  3  1 81  0  0 12 13 14 10 17  9 15 11  0  0 20 21  0  0 23  0  0 19
  0  1  0  4  8  3  5  7  0 14  0 17 11 13 12 10  0 15  0 21  0 23 20 19 22 24  0 32 28 31  0 29 30 35 33  0 41 36  0 39  0 38  0 37 40 46 48 52 47  0  0  0 51 53 59 61 56 58  0  0 54 62  0 66 67 68 64  0 63 69 65 70 76 74  0 80  0 77  0 79 73
 47  0 45 49 53 48 50  0  0 59  0  0 56 58 57 55 61 60 63 66 70 68 65  0 67  0  0 77 73  0 72 74 75 80 78 79  5 81  0  3  0  2  8  1  0 10  0 16 11 14  9 13 15  0 23 25 20 22 21 19 18 26  0 30 31 32 28 35 27 33  0 34 40  0 39 44 42 41 36 43 37
 56 55 54 58 62 57 59 61 60  0 63 71 65  0 66  0 70  0 72  0 79 77 74 73  0 78 80  0  0  0  0  2  3  8  6  7 14  0 15 12  0 11 17  0 13 19 21  0 20  0 18 22  0 26  0  0 29 31 30 28  0 35 33 39 40 41  0  0 36 42 38  0 49 47 48  0  0 50 45  0 46
 11  0  0  0  0  0 14  0  0 23  0 26 20 22  0 19  0 24 27  0  0  0 29  0 31 33 35 41 37 40 36  0 39 44 42  0  0 45 51 48 52 47 53 46 49  0  0 61  0 59 54  0 60 62 68 70 65 67 66  0 63  0 69 75 76 77  0 80 72 78 74  0  4  2  3  8  0  0  0  0  1
 20  0 18 22 26 21 23 25 24 32 27 35 29 31 30  0 34  0  0 39  0 41 38 37 40 42 44 50  0 49 45 47  0 53  0  0 59 54 60  0 61 56  0 55 58 64 66 70  0  0 63  0 69 71 77 79 74 76 75 73 72 80 78  3  0  0  1  8 81  6  2  7  0 11 12  0  0 14  0 16 10
