9
  0 30  0  0 35  0 29 31 34 37 43  0 38 45  0 41 42  0  0 52 49  0  0 48 47 50  0 56  0  0  0  0  0 60  0 61  0 66 68 67 72 65 71 64  0 77 76 78 74  0  0 80 81 79  9  7  0  1  4  6  0  0  0 14  0  0  0 16 18 11 15 12 19  0  0 21  0 24  0 20  0
  9  3  6  0  8  0  2  0  7 10  0 17 11  0 12 14 15  0 19 25  0 26 24  0 20 23 27 29 32 28 35  0 36 33 30  0 43  0 41 40 45  0  0 37  0  0 49 51 47 46 48 53 54 52 63 61  0  0  0 60 56  0  0 68  0 64  0 70 72 65 69 66 73 77 80 75 79  0 76 74 81
 45 39  0 41 44 37  0 40 43 46 52 53 47 54  0 50 51  0 55 61 58 62  0  0  0 59  0 65 68 64 71 67 72 69 66 70 79 75 77 76 81 74 80  0  0  5  4  0  2  1  3  8  9  7 18 16 14 10  0 15 11 17 12  0 26 19 22 25  0 20 24 21 28  0 35  0 34  0 31 29 36
 63 57 60 59  0 55 56  0 61 64 70 71 65  0 66 68  0 67  0 79 76 80 78  0 74 77  0  2  5  1  8  0  9  6  3  7 16 12 14  0 18 11 17 10  0  0 22  0 20 19 21 26 27 25 36 34  0  0 31  0 29 35 30 41 44 37  0  0 45  0 42  0  0 50  0 48 52 51 49 47 54
  0 21  0 23 26 19 20  0 25  0 34  0  0 36 30 32 33 31 37  0 40 44  0 39 38  0 45  0  0 46 53 49 54 51  0 52 61 57 59 58 63 56 62 55 60 68 67 69 65 64 66 71 72 70 81 79  0 73 76 78 74 80  0  0  0  0  4  7  9  2  6  3 10  0 17 12 16 15 13 11 18
 81 75 78 77 80  0 74 76  0  0  7  8  2  9  0  5  6  0 10  0 13 17  0 12 11 14 18 20 23 19 26 22 27 24 21 25 34  0 32 31 36 29 35 28 33 41 40  0 38  0 39 44 45  0 54  0 50 46 49  0 47  0 48 59 62  0 58 61 63 56  0 57 64  0 71 66  0 69 67  0 72
 72 66 69 68 71 64 65 67 70 73  0 80 74 81  0 77  0 76  1  7  0  8  6  3  2  0  0  0  0 10 17 13 18  0  0 16 25 21  0 22 27 20 26  0  0 32 31  0 29 28 30  0 36  0 45  0  0 37 40  0 38 44 39 50 53 46 49 52  0 47 51 48 55 59  0  0 61  0  0  0 63
 54 48 51 50 53  0 47  0  0 55 61 62  0 63  0  0 60  0 64 70 67 71 69  0 65 68  0 74  0 73 80 76  0 78  0 79  0  3  0  0  9  2  8  1  0 14  0 15 11 10 12 17  0  0 27  0  0  0  0 24 20 26  0 32 35 28  0 34 36 29 33  0 37  0 44 39 43 42  0 38 45
 18  0 15 14 17 10 11  0  0  0 25 26  0 27 21  0 24 22 28 34 31  0 33 30 29 32 36  0 41  0 44  0 45 42 39 43 52  0 50 49 54 47 53 46  0 59 58 60 56 55 57 62 63  0 72 70 68 64  0  0 65  0 66 77 80 73 76  0 81 74  0 75  0  5  8  0  0  6  4  2  9
  0  4  7  6  9  2  3  5  8 11 17 18 12 19 13 15  0  0 20 26  0  0 25 22 21 24 28 30  0  0 36 32 37 34  0 35 44  0  0 41 46  0  0 38 43 51 50  0 48 47 49 54 55  0  0 62 60  0 59  0  0  0 58 69 72 65 68 71 73 66  0  0  0 78 81 76 80 79 77 75  1
  0 13 16 15  0 11  0  0 17 20 26 27 21 28  0  0 25 23 29  0 32 36 34  0 30  0  0  0  0 38 45 41 46 43  0  0 53 49 51 50  0 48 54  0 52 60  0 61 57 56 58  0 64  0 73 71 69 65 68 70 66 72 67  0 81 74 77 80  0 75  0 76  2  6  9  0  0  7  0  3 10
  0 49 52  0 54 47 48  0  0 56  0  0 57 64 58 60 61 59  0 71 68 72 70 67  0 69 73 75 78  0 81  0  1 79 76 80  0  4  6  0 10  3  9  2  7  0 14  0  0 11  0 18 19  0 28 26 24 20 23 25 21  0 22 33 36 29  0  0 37 30  0 31  0 42 45 40 44  0  0  0 46
 28 22 25  0 27 20 21 23 26 29 35 36 30 37  0 33  0 32  0 44 41 45  0 40  0  0  0  0 51  0  0 50  0  0  0 53  0 58 60  0  0 57  0  0  0 69 68  0 66  0 67 72 73  0  0  0 78 74 77 79  0 81 76  6  9  2  5  0 10  3  7  4 11  0 18 13 17 16 14 12  0
  0  0 61 60 63  0 57 59 62 65  0 72 66 73 67 69  0 68  0 80 77 81 79  0 75 78  1  3  6  2  0  5 10  7  0  0 17 13  0 14 19 12  0 11  0 24 23 25  0 20 22 27  0  0  0 35 33 29 32 34 30  0  0  0 45  0  0 44 46  0 43 40 47 51 54 49 53 52 50 48  0
 46 40 43 42 45 38 39 41 44 47  0  0 48 55  0  0 52 50 56  0 59 63 61  0 57  0 64 66 69  0 72 68  0 70 67 71 80  0  0 77  1 75 81  0  0  0  5  7  3  2  0  0 10  8  0 17  0 11 14  0  0  0  0 24  0 20 23  0 28 21  0 22 29 33 36 31 35 34  0  0  0
  1 76  0 78 81 74 75  0  0  2  8  0  3 10  4  0  7  5 11 17  0 18 16 13 12 15  0 21  0  0  0 23 28  0 22 26  0 31 33  0 37 30  0 29 34  0 41 43  0 38 40  0 46 44 55 53 51  0 50  0 48 54 49 60 63 56 59 62 64 57 61 58 65 69 72 67 71 70  0  0  0
 73 67 70 69 72  0  0  0  0  0 80 81 75  0 76 78 79 77  2  8  0  9  7  4  3  6 10 12 15 11 18 14 19 16 13  0 26 22 24  0  0  0 27  0 25 33  0 34 30 29 31 36 37 35 46 44  0 38 41  0  0 45  0 51  0 47  0 53 55 48  0 49  0 60  0 58 62 61  0 57 64
 37 31 34  0 36 29 30 32  0 38 44  0  0 46 40 42 43 41  0 53  0 54 52 49 48 51 55 57 60  0 63  0 64 61 58  0 71 67 69 68 73 66 72  0 70 78  0 79  0 74 76 81  0 80 10  8  6  2  5  7  3  9  0 15 18  0 14 17  0 12 16 13 20 24 27 22  0 25 23  0  0
 29 23  0  0 28 21 22  0 27 30  0 37 31 38 32 34 35  0 39  0 42 46  0  0  0 43 47 49 52 48  0  0 56 53 50 54 63 59 61  0 65 58  0  0 62 70  0 71 67 66 68 73 74  0  2 81 79  0  0  0 76  0  0  7 10  3  6  9 11  4  8  0 12 16 19  0 18  0 15 13 20
  2  0 80  0  1 75 76  0 81  0  9 10  4 11  5  7  8  6 12 18 15  0 17 14 13 16 20 22  0  0 28 24 29  0 23 27 36 32 34 33 38 31 37 30 35 43 42 44 40  0  0 46 47 45  0 54 52  0 51 53 49 55 50 61 64 57  0  0  0  0 62  0 66 70 73 68 72  0 69 67 74
  0 50  0 52 55  0 49  0  0 57 63 64 58 65  0  0 62 60 66 72 69 73  0  0  0  0  0  0  0 75  1 78  2 80 77 81  0  5  0  6 11  4 10  0  8 16 15 17 13 12 14 19 20  0 29  0 25 21 24 26 22  0  0  0  0  0 33 36 38 31 35  0  0 43 46  0 45  0 42  0 47
 11  5  0  7 10  3  4  0  9 12 18 19 13 20 14 16  0 15 21 27  0 28  0  0 22 25 29  0 34 30  0  0 38 35 32 36  0 41  0  0 47  0 46 39 44 52  0  0 49 48 50 55 56 54  0 63 61  0  0 62  0 64 59 70  0 66  0 72 74 67 71 68  0 79  1  0  0 80 78 76  2
 47 41 44  0 46 39 40 42 45 48 54 55 49  0 50 52 53  0 57  0 60  0 62 59  0 61 65 67 70  0  0 69 74 71 68 72 81 77  0 78  2  0  1 75 80  7  6  8  0  3  5  0 11  9 20  0 16  0 15 17 13 19 14 25 28 21 24 27 29 22  0  0  0 34 37 32 36 35 33  0  0
 38 32 35 34 37 30  0 33 36  0 45 46 40 47  0  0 44  0 48 54 51 55 53  0 49 52 56 58 61  0  0  0 65  0 59 63 72 68 70 69 74 67 73 66 71 79 78  0 76  0 77  1  2 81 11  9  7  0  6  8  4 10  0 16  0 12  0  0 20 13  0  0  0 25 28  0 27  0 24 22 29
 74  0 71  0 73 66 67 69 72  0 81  0  0  2 77 79  0 78  0  9  6  0  8  5  4  7 11  0  0  0 19  0  0  0 14 18  0 23  0 24 29 22 28  0 26 34  0 35 31  0 32 37 38 36  0 45 43  0 42 44 40  0  0 52  0  0 51 54 56 49  0 50  0  0 64 59 63  0 60  0  0
 20 14 17 16 19 12  0 15 18 21 27  0 22 29 23 25  0 24 30 36 33 37 35  0 31 34 38 40  0 39  0 42 47 44 41 45 54 50  0  0 56 49 55 48 53  0 60 62 58 57  0 64 65  0  0 72 70 66  0 71 67 73 68  0  1 75 78 81  2 76  0  0  3  0 10  5  9  8  6  4 11
 65 59  0 61 64  0 58 60  0 66 72 73  0 74 68 70 71 69  0 81 78  0 80 77 76  0  2  4  7  3 10  6 11  8  5  9 18 14 16 15  0 13 19 12  0 25  0 26 22 21 23 28 29 27 38 36 34 30 33 35 31 37  0 43  0  0 42  0 47 40 44 41  0 52 55 50  0 53 51 49  0
 66 60  0  0  0  0  0 61 64 67 73 74 68 75 69 71 72  0 76  1  0  0  0 78 77  0  3  0  0  4  0  7 12  0  6 10 19 15  0 16  0 14 20 13 18 26 25  0  0 22 24 29  0 28 39  0  0  0 34  0 32 38 33  0  0 40 43 46 48  0 45 42 49 53  0 51 55 54 52  0 57
 57  0  0 53 56 49  0 52 55  0  0 65 59 66  0  0  0 61 67  0 70 74 72 69  0 71  0 77 80 76  0 79  3 81 78  1 10  6  8  7 12  5 11  4  0 17  0  0 14  0  0 20 21  0 30 28  0 22 25 27 23 29  0 35 38 31  0 37 39 32  0  0 40 44  0 42 46 45  0 41  0
  0 24 27 26 29 22 23  0 28 31 37  0  0  0 33 35  0 34 40 46 43 47 45  0 41  0 48 50 53 49  0 52  0 54 51  0 64 60 62  0 66  0 65 58 63 71 70 72 68  0  0  0 75  0  3  1  0 76 79 81 77  2 78  8 11  4  7 10  0  5  9  6 13  0 20 15 19  0 16 14 21
  3 78 81 80  2 76 77 79  1  4 10  0  5 12  6  0  9  7 13 19 16 20 18  0 14 17 21 23 26 22  0 25  0  0 24 28 37 33 35 34 39 32  0 31  0 44  0  0 41 40  0 47  0  0 57  0  0 49 52 54  0  0  0  0  0 58 61 64 66 59  0 60  0 71 74 69 73  0 70  0  0
 39 33 36 35  0 31 32  0 37  0 46  0  0  0  0  0  0  0 49 55 52 56  0  0 50 53 57 59 62 58 65 61 66  0 60 64 73 69 71 70 75 68 74 67 72 80 79  0 77 76 78  2  3  1 12 10  8  4  7  9  5 11  6 17 20  0 16 19 21 14 18 15  0 26 29  0 28  0 25 23 30
 12  6  0  8 11  4  0  7 10 13 19 20  0 21 15  0 18  0  0 28 25  0 27 24 23  0 30  0 35 31  0  0 39 36 33 37  0 42 44  0 48 41 47 40 45 53 52  0 50 49  0 56  0 55  0 64  0 58 61 63 59 65 60  0  0  0 70  0 75 68 72 69 76 80  0 78  1  0 79  0  0
 48 42 45 44 47  0 41  0  0 49 55 56 50 57  0 53  0  0 58 64 61 65 63 60  0 62  0  0 71 67  0 70 75  0 69 73  0  0  0 79  3 77  2  0 81  0  0  9  5  4  0 11 12 10 21 19 17  0 16 18 14 20 15 26 29  0  0 28  0 23 27 24 31 35 38 33 37 36 34 32 39
  0  0 18 17 20  0  0 16  0  0 28 29 23  0 24  0 27 25  0  0 34  0 36 33  0  0  0 41 44  0 47 43 48 45 42 46  0 51  0 52  0 50 56 49 54 62 61 63 59  0 60  0 66 64  0 73  0 67 70 72 68  0 69 80  2 76 79  1  0  0 81 78  4  8 11  0  0  9  0  5 12
 75  0  0 71  0 67  0  0 73  0  0  2 77  0 78 80  0 79  4  0  7 11  9  6  0  8 12 14 17 13 20 16 21 18 15  0 28  0 26 25 30  0  0  0 27 35 34 36 32 31 33 38  0 37 48 46  0 40  0 45  0 47 42  0 56 49  0  0 57 50 54 51 58 62 65 60  0 63  0 59 66
  0 79  1 81  3 77  0 80  0  5  0 12  6 13  7  9 10  8 14 20  0 21 19 16 15 18  0  0 27 23  0  0  0 28 25 29  0 34 36  0 40 33 39 32 37 45 44 46 42  0 43 48 49 47 58  0 54 50  0 55  0  0 52 63 66  0 62 65 67 60  0 61 68 72 75  0 74 73 71 69 76
  0  0 28  0  0  0  0  0  0  0 38 39 33 40 34 36 37 35 41 47 44 48 46  0 42 45 49 51 54 50 57 53 58  0 52 56 65 61  0 62  0  0 66  0 64 72 71  0 69 68  0 75  0 74  4  2 81 77 80  1 78  3  0  9 12  5  0 11 13  6  0  7 14 18 21  0 20 19 17  0 22
 67 61 64  0  0 59 60 62  0 68 74 75 69 76 70 72 73  0  0  0  0  0  1 79  0 81  4  6  9  5 12  0  0  0  0 11 20  0 18 17 22  0 21 14 19 27 26 28 24 23 25 30  0 29 40 38 36 32 35 37 33  0  0  0 48 41 44 47 49 42 46  0 50 54 57  0 56  0 53 51 58
  0 70 73 72  0  0 69  0  0  0  2  3 78  4 79 81  1 80  5  0  8  0 10  7  6  9  0 15 18  0 21 17 22 19 16  0 29 25  0  0 31 24 30  0 28 36 35 37  0 32  0 39  0 38 49 47  0 41  0 46  0 48  0 54  0  0 53 56  0 51 55  0 59 63 66 61  0 64 62 60  0
  0  0 37 36 39 32 33 35 38 41  0 48  0 49 43 45 46 44 50 56 53 57 55 52  0  0 58 60 63  0 66 62 67 64 61 65 74  0 72  0 76 69 75 68 73  0 80  0 78  0 79  3  0  2 13 11  9  5  8 10  6 12  7  0 21 14 17 20 22 15  0 16 23 27 30 25  0 28 26 24 31
 58 52 55  0  0 50  0 53 56 59 65  0 60 67  0 63  0 62 68  0  0 75  0 70 69  0 76  0 81 77  0 80  4  1 79  2 11  7  9  8 13  6 12  0 10 18 17 19 15 14  0  0 22  0  0 29  0 23 26 28 24 30  0 36 39 32 35  0  0  0  0 34 41 45 48 43 47 46  0 42  0
 49 43  0 45  0  0 42 44 47 50  0 57 51  0 52 54 55 53 59  0  0 66 64 61 60 63 67 69 72 68 75 71 76 73 70  0  0  0 81 80  4 78  3 77  1  9  0  0  6  5  7 12 13  0 22 20 18 14  0  0  0 21 16 27 30  0 26 29  0 24 28 25 32  0  0  0 38 37 35  0 40
 22  0 19  0 21 14 15 17 20 23 29  0 24 31  0 27 28 26  0  0 35 39 37 34 33 36 40 42 45 41  0 44 49 46 43  0 56 52 54 53  0  0 57 50 55 63 62  0  0 59 61 66  0 65 76 74  0  0 71 73 69 75 70  0  3 77 80  2  0 78  1 79  5  0 12  7 11  0  8  6 13
  0  7  0  9 12  0  6  8 11  0  0 21 15 22  0 18 19 17  0 29 26  0 28  0 24 27  0 33 36 32  0 35 40  0  0 38 47 43 45 44 49 42 48 41 46 54 53 55 51 50 52 57 58 56 67  0 63 59 62 64 60 66 61 72 75  0 71  0 76 69 73 70 77 81  3 79  0  1 80 78  4
 41 35 38 37 40 33 34  0 39  0 48 49  0 50 44 46 47 45  0  0 54 58  0 53  0  0  0 61  0  0 67 63  0  0 62 66 75  0  0  0 77 70 76 69  0  1 81  0 79 78  0  4  0  3 14  0 10  6  9 11  7 13  8 19 22  0 18 21 23 16 20  0 24 28 31 26  0 29 27 25 32
 77  0  0 73 76 69 70  0 75 78  3  0 79  0  0  1  2  0  0 12  9 13  0  0  7  0 14 16 19 15  0 18 23 20 17 21  0 26 28 27  0  0 31 24 29  0  0 38 34 33 35 40 41 39 50 48 46 42  0 47 43 49 44 55  0 51 54  0 59  0  0 53  0 64 67 62 66  0 63 61 68
 23  0  0 19 22 15 16 18 21 24  0 31 25 32 26 28 29  0  0 39 36  0  0  0 34 37 41  0 46  0 49  0  0  0 44  0  0  0 55  0 59  0 58  0  0 64 63  0 61  0 62 67 68  0 77 75 73 69 72  0 70 76 71  1  4 78  0  3  5 79  2 80  6 10 13  8 12  0  9  7 14
 68 62 65 64  0 60 61  0 66 69 75 76 70  0 71 73 74 72 78  3 81  4  2 80 79  1  5  7  0  0 13  9  0 11  0 12 21 17 19 18 23  0 22 15 20  0 27 29 25  0 26 31 32 30 41 39 37 33 36 38 34 40 35  0 49 42 45  0 50 43 47 44  0 55 58  0  0 56 54  0  0
  5  0  2  1  4  0 79 81  3  0  0  0  7 14  8 10 11  0  0 21 18 22 20 17 16  0 23 25 28 24  0 27  0  0  0 30 39  0  0  0  0 34 40 33 38  0 45  0  0 42 44 49 50 48  0 57 55 51  0  0  0  0  0 64 67 60 63 66 68 61 65 62 69 73 76  0  0 74 72  0 77
 32  0 29 28 31 24 25 27  0  0 39  0  0 41 35 37  0 36 42  0 45  0 47 44 43  0  0 52  0 51 58  0 59 56  0  0 66  0  0  0 68 61 67 60 65  0 72 74 70 69 71 76 77  0  5  0  1 78 81  0 79  0 80 10  0  6  9 12  0  7 11  0 15 19  0 17  0 20 18 16 23
 59  0  0 55 58 51 52 54 57 60 66 67  0 68 62 64 65  0 69 75 72  0  0 71 70 73 77 79  1  0  4  0  5  2 80  0 12  0  0  9 14  7  0  6 11 19 18 20  0  0  0 22 23  0 32 30 28 24  0  0  0 31 26 37 40 33 36 39 41 34 38 35  0 46 49 44 48  0 45  0 50
  0 44 47 46 49 42  0 45 48 51 57 58 52 59 53 55 56 54  0  0 63 67 65 62  0 64 68 70 73 69  0 72  0 74  0 75  3 80  1 81  5 79  0 78  2 10  9 11  7  0  8  0 14 12 23 21 19  0  0 20 16 22 17 28 31  0  0  0  0 25  0 26 33 37 40 35 39  0 36 34 41
 14  8 11 10  0  6  0  9 12 15  0 22 16 23  0  0  0  0 24 30 27  0  0 26  0 28  0 34  0 33 40  0 41 38  0  0 48 44 46  0 50 43 49  0 47 55  0 56  0 51 53 58 59  0 68 66 64 60  0 65  0 67 62  0 76 69 72 75 77 70 74 71 78  0  4 80  3  0  0 79  5
 51  0  0 47  0 43  0 46 49 52  0 59 53 60 54 56 57 55  0 67 64 68 66 63 62 65 69  0  0 70 77  0 78  0  0 76  0  0  0  1  6 80  5 79  0 11  0 12  0  7  9 14 15 13 24 22 20 16 19  0 17  0 18 29  0 25  0 31 33 26 30  0  0  0 41  0  0 39 37 35 42
  6 81  0  2  0 79 80  1  4  7 13 14  8  0  9 11  0 10 16 22 19  0 21 18 17 20 24 26  0 25 32  0 33  0 27  0 40 36 38 37 42 35 41 34 39 47 46  0  0  0  0 50 51 49 60 58 56 52 55 57 53  0 54 65 68 61 64 67 69  0 66  0 70 74  0 72 76 75 73 71 78
  0 54 57 56 59 52 53  0  0 61 67 68 62 69 63 65 66 64 70 76 73 77 75 72 71 74 78 80  2 79  0  0  6  3 81  4 13  9 11 10 15  8  0  7 12  0 19 21 17 16  0 23 24 22 33 31 29  0 28 30 26 32 27 38  0 34 37 40 42 35 39 36 43 47 50 45 49  0 46 44 51
 42 36 39  0  0 34  0 37  0 43  0  0  0  0  0  0 48 46 52 58  0 59 57 54 53 56 60  0 65 61  0 64 69 66  0 67 76 72 74 73 78 71 77 70 75  0  1  3  0 79  0  5  6  4  0  0  0  0 10 12  8 14  0 20 23 16  0 22 24  0 21 18  0 29 32 27 31 30  0  0  0
  0  9  0  0  0  7  8  0  0  0 22 23 17 24  0  0 21  0 25 31 28 32 30  0  0 29 33 35 38 34 41 37 42  0 36 40 49 45 47 46 51 44 50 43 48  0 55  0 53 52  0 59 60 58 69  0 65  0  0 66 62 68 63 74 77  0  0 76 78 71 75 72 79  0  5 81  4  0  0  0  6
  0  0 66  0 68 61 62 64 67 70 76 77 71 78 72 74  0  0 79  4  1  5  3 81  0  2  0  8 11  7  0  0 15 12  9 13 22 18  0  0 24  0 23 16  0 29 28 30 26 25 27  0 33 31  0 40  0  0  0 39 35  0  0 47 50  0  0  0 51 44 48 45 52  0 59 54 58 57 55  0 60
 33 27  0 29 32 25 26 28 31  0 40  0 35 42 36 38 39 37 43  0 46  0 48 45 44 47 51 53  0  0  0  0 60 57 54  0 67 63 65  0 69 62 68 61 66 74  0  0 71 70 72 77 78 76  0  4  2 79  1  0 80  5  0  0  0  7 10 13 15  8  0  9  0 20 23 18 22 21 19 17 24
 78 72 75  0  0 70 71 73 76 79  4  5 80  0 81  0  3  1  7 13 10 14 12  0  8  0  0 17 20 16 23 19 24 21  0 22  0 27 29 28 33 26 32 25  0 38 37  0 35 34 36 41 42  0 51  0 47 43 46 48 44 50 45  0  0  0 55 58 60 53 57  0  0 65 68  0 67 66 64  0 69
 24  0 21 20  0 16 17 19 22 25 31 32 26  0  0 29 30 28 34 40 37  0  0 36 35  0 42 44 47 43  0 46  0 48 45  0 58 54  0 55 60 53 59 52 57 65 64  0 62 61  0  0 69  0  0 76 74 70  0 75 71  0 72  2  0 79  1  4  6 80  3 81  0 11 14  9  0 12 10  8 15
  0 37 40  0  0 35  0 38 41 44  0 51 45 52  0 48 49  0 53 59 56 60  0 55 54 57  0 63 66  0 69 65 70 67  0 68 77 73 75 74  0 72 78 71 76  3  2  4  0 80  0  0  7  5 16 14 12  8  0 13  0 15 10 21 24  0  0 23 25 18 22 19 26 30  0  0  0  0 29 27 34
 52 46 49  0  0 44  0 47 50 53  0 60 54  0 55 57  0  0 62 68 65 69 67  0 63 66 70 72 75  0 78 74  0 76  0  0  5  1  0  2  7 81  6 80  4 12 11 13  9  8  0 15 16 14 25  0 21  0  0  0  0 24 19 30 33 26  0  0 34 27 31 28 35  0 42 37 41 40 38  0 43
  0  0 22 21 24 17 18 20  0 26 32 33 27 34 28 30 31  0  0 41 38  0 40 37  0 39 43  0 48 44 51  0 52 49 46 50 59  0 57 56 61 54 60 53  0 66  0 67 63 62 64 69 70  0  0 77  0 71  0 76 72 78 73  3  6 80  2  5  7  0  0  1  8  0  0 10 14 13  0  9 16
  0  0  4  3  0 80 81  2  5  8 14 15  9 16 10 12 13 11  0 23 20 24 22  0  0 21  0  0 30  0 33 29 34  0  0 32 41 37  0 38  0 36 42  0 40 48  0 49  0 44 46 51 52  0 61 59 57 53 56  0 54 60 55 66 69 62 65  0  0 63  0 64 71 75 78 73  0 76 74  0 79
 34 28 31  0 33 26 27  0 32 35 41 42 36  0  0 39 40  0  0  0  0 51 49 46 45  0 52 54 57 53  0 56 61  0 55  0 68  0 66 65 70 63 69  0 67  0 74 76 72  0 73  0 79 77  7  5  3 80  2  0 81  6  1  0 15  8 11  0 16  0 13  0 17 21 24 19 23 22 20 18  0
  0 10  0 12  0  0  0 11 14  0 23 24 18 25 19 21 22 20  0 32 29  0 31  0 27 30 34 36 39 35  0 38  0 40 37 41 50 46  0 47  0 45  0 44 49 57 56 58  0 53 55  0 61 59 70 68 66 62  0 67 63  0  0 75 78  0  0  0 79  0 76  0 80  0  0  1  0  4  2 81  7
 79  0 76 75 78 71 72  0 77 80  5  6 81  7  1  3  4  2  8  0 11 15  0 10  9 12 16 18 21 17 24 20 25  0 19  0 32 28 30 29  0 27 33  0 31 39  0 40 36  0 37  0  0  0  0  0  0 44  0  0 45  0 46  0  0 53 56 59  0 54 58  0  0 66 69 64  0 67 65  0 70
 61 55 58  0 60  0 54 56  0 62  0  0 63 70 64 66 67 65 71  0  0 78 76 73  0 75 79 81  3  0  6  2  7  0  1  0  0 10  0 11 16  0  0  8  0 21 20  0 18 17  0  0 25 23 34 32  0  0  0 31 27 33  0 39  0 35  0  0  0 36 40 37 44 48 51  0 50 49  0 45 52
 70 64  0 66  0 62  0 65 68 71 77 78  0 79 73 75 76 74 80  0  0  6  4  1 81  3  7  0 12  8 15 11 16  0 10 14  0 19 21  0  0 18 24  0 22  0  0 31  0  0 28 33  0 32 43 41 39  0 38  0  0 42  0 48 51 44 47  0 52 45 49 46  0  0 60 55  0 58 56 54 61
 62  0 59 58 61 54 55 57 60 63  0 70  0 71  0  0  0 66 72 78  0 79 77 74 73  0 80  0  0  0  7  3  8  0  2  6 15 11 13 12 17  0  0  0 14 22 21  0 19 18 20  0 26  0 35 33 31  0 30  0  0  0 29 40  0 36 39 42  0  0 41 38 45 49  0 47  0 50 48 46  0
  0 65 68  0 70 63 64 66 69  0 78 79 73 80  0 76 77 75  0  0  3  7  5  2  1  0  8 10 13  9 16 12 17 14 11 15  0 20 22  0 26  0  0 18 23 31 30 32 28 27 29 34 35 33 44 42 40  0  0 41 37  0  0 49 52 45 48 51 53  0  0 47 54 58  0 56 60 59 57 55 62
  0 11 14  0  0  0  0  0  0  0 24  0 19 26 20 22 23  0 27 33  0  0  0 29  0 31 35 37 40 36  0 39 44 41  0 42 51 47 49 48 53 46 52  0  0  0  0 59  0 54  0 61 62 60  0 69 67 63 66 68  0 70 65 76  0 72 75 78 80  0 77 74  0  4  0  2  0  0  3  1  8
 53 47 50 49  0 45  0 48  0  0 60 61  0  0  0 58 59 57 63  0 66 70 68 65  0 67  0 73  0 72 79 75 80 77 74 78  0  2  0  3  8  1  0 81  5  0  0 14 10  9 11 16  0 15 26  0 22 18 21 23 19 25 20 31 34 27 30 33 35 28 32  0 36 40 43  0 42 41 39 37 44
 26 20 23 22 25 18  0 21 24 27  0 34  0 35 29 31 32 30  0 42 39  0 41 38 37 40 44  0 49 45  0  0 53 50 47  0 60 56 58  0  0 55 61 54 59  0 66  0 64 63  0 70 71 69 80 78 76 72  0 77 73 79 74  0  7 81  3  6  8  1  0  2  0  0 16 11  0 14 12 10  0
 44 38 41 40 43 36  0 39 42 45  0 52  0 53 47  0 50  0 54 60 57 61 59 56 55 58  0  0 67 63 70 66 71  0 65 69 78 74  0 75  0 73 79  0 77  0  3  5  1  0  2  7  8  0  0 15 13  0 12 14 10 16 11  0  0  0  0 24 26 19 23  0  0 31  0  0 33 32 30 28 35
  8  0  5  4  7  0  1  3  0  0 15  0 10 17 11 13 14 12  0 24 21  0 23 20 19 22  0 28 31  0  0 30 35 32 29 33  0 38 40 39  0 37  0 36 41  0 48  0 46  0 47 52 53 51 62  0 58 54  0 59  0 61 56 67  0  0 66 69  0 64 68 65  0 76 79 74  0 77  0 73 80
 80 74 77  0  0 72 73  0  0  0  0  7  1  8  0  4  0  0  9  0 12 16 14 11  0 13 17 19 22  0 25 21 26 23 20 24 33  0 31 30 35  0 34 27 32 40 39 41 37 36 38 43  0 42 53 51 49 45 48  0 46 52 47 58 61  0 57 60  0  0  0 56 63 67 70 65 69  0 66 64 71
 35 29  0 31 34  0 28  0 33 36 42 43  0 44 38  0 41 39 45  0 48 52 50 47 46  0  0 55 58 54 61 57  0 59 56 60 69 65 67 66  0  0 70 63  0 76 75  0  0 72 74  0 80 78  0  0  4 81  3  5  1  0  2 13  0  9 12 15 17 10 14 11  0  0  0 20  0 23 21 19  0
