9
 81  0 75  0 78 80 77 76 74  6  2  8  0  5  0  9  7  0 13  0 17 11 14  0 12 10 18 22 24 20 21 27 19 23 25 26  0 28 32 29 34 31 35 33 36 40 41  0  0 39 38  0 44 45 48 50 54  0  0 46 49 47  0 57  0 59 63 56 62 58 60 61 67 64  0  0 71 72  0 69 66
  9  7  3  0  6  8  0  0  2 15 11 17  0 14 12  0 16 10  0 24 26 20 23 25  0 19 27  0 33 29 30 36 28 32  0 35  0 37 41  0 43 40  0  0 45 49  0 46 51 48 47 52 53 54  0  0 63 61 60  0  0 56  0 66 64 68 72 65 71  0 69 70 76 73 74 79 80 81 77  0 75
 54  0 48  0 51 53 50  0 47 60  0 62  0  0  0 63 61 55 67 69 71 65 68 70  0 64  0 76 78 74 75  0 73  0 79 80  3  1  0  2  0  0  8  0  9  0 14 10 15 12 11  0 17  0  0  0 27  0 24  0  0 20 26  0 28 32 36 29 35  0 33 34  0 37 38 43 44 45  0 42 39
 63 61 57 55 60  0 59  0 56  0 65 71 67 68 66  0 70 64 76 78 80 74 77 79  0  0 81  4  6  2  3  9  1  5  7  8 12 10 14 11 16  0 17  0 18 22  0 19  0 21 20 25 26 27 30  0 36 34  0  0 31 29 35  0 37 41 45  0 44  0 42  0 49  0 47 52  0 54 50 51 48
 18 16  0 10 15 17 14  0 11 24  0 26 22  0 21 27 25  0 31 33  0 29 32 34 30 28 36  0 42  0 39 45  0 41 43 44 48 46 50 47 52 49 53  0 54 58 59 55 60 57 56  0 62 63 66 68 72 70  0 64  0 65  0 75 73 77 81 74 80 76  0  0  4  0  2  0  8  9  5  6  0
 45 43 39 37  0 44 41 40  0 51 47 53  0 50  0 54 52 46 58  0 62  0 59 61  0 55  0 67 69 65 66 72 64 68 70 71 75  0 77 74 79 76 80  0 81  4  5  1  0  3  2  7  8  9 12 14 18 16 15 10  0 11 17 21 19  0  0 20 26 22 24 25 31 28 29 34 35 36  0  0  0
 72 70 66 64 69 71 68 67 65  0 74 80 76 77  0 81  0 73  0  6  8  2  0  7  3  1  0 13  0  0  0 18 10  0 16 17 21  0  0 20 25 22 26  0 27 31 32 28  0 30 29  0  0 36 39  0 45  0  0 37 40 38 44 48 46 50  0 47 53 49 51 52  0 55  0 61  0 63 59  0  0
  0 34 30  0  0 35  0 31 29 42 38  0  0 41  0 45 43 37 49  0  0 47 50 52 48  0  0  0 60 56  0  0  0  0 61  0 66 64 68 65  0 67 71  0 72 76 77  0 78  0 74 79 80 81  0  0  9  7  6  1  4  0  0 12  0 14 18 11  0  0 15 16  0 19 20  0  0  0  0 24 21
  0 25 21 19 24 26 23  0 20 33  0  0 31 32 30 36 34  0 40  0 44 38  0  0 39 37 45 49 51  0  0 54 46  0 52 53 57 55 59 56 61 58 62 60 63 67 68 64 69 66 65 70 71 72  0  0 81 79 78 73 76 74 80  3  0  0  9  2  0  4  6  7 13 10 11 16 17 18  0 15 12
 28 26 22 20 25 27 24 23 21  0 30 36 32 33  0 37 35 29 41  0 45  0  0 44 40  0  0 50  0  0  0  0  0 51 53  0 58  0 60 57  0  0  0  0  0 68 69  0  0 67 66  0 72 73 76 78  0  0 79 74 77  0 81  4  2  6 10  3  9  5  7  0 14 11 12 17 18  0  0 16 13
  0  8  4  2  7  9  6  5  3  0 12 18  0 15 13 19 17 11  0 25  0 21 24 26 22 20 28 32 34 30  0 37  0  0 35 36  0 38 42  0 44 41 45 43 46 50 51 47  0 49 48  0 54 55 58 60  0 62  0  0 59  0  0  0 65 69 73 66 72 68  0 71 77  0 75 80 81  1 78 79 76
 37  0 31 29 34 36  0 32 30 43  0  0 41 42 40 46 44 38  0 52 54 48 51 53 49  0 55  0 61 57 58 64  0 60  0 63 67  0 69 66 71 68 72 70 73  0 78 74 79 76  0 80 81  0  0  6 10  8  7  2  5  3  9 13  0 15  0 12 18 14 16 17 23 20  0  0 27  0 24 25 22
 73  0 67  0 70 72 69 68  0 79 75 81 77 78 76  0 80  0  0  7  9  3  6  8  4  2 10 14 16 12 13 19 11 15  0 18 22  0 24  0 26  0 27 25 28  0 33 29 34 31 30 35 36 37  0  0 46 44  0 38 41  0 45 49 47 51 55 48  0  0  0 53  0  0 57 62  0 64 60 61 58
 46 44 40 38 43 45 42 41 39 52 48  0 50  0 49 55  0 47 59 61 63 57  0  0  0 56 64 68 70 66 67  0  0 69 71 72  0  0  0 75 80 77 81  0  1  5  0  2  7  4  3  8  9 10  0  0  0 17  0 11 14  0  0 22 20 24 28 21  0 23  0  0  0 29  0 35 36  0 33 34 31
  1  0 76 74  0 81 78  0 75  7  3  0  5  0  4 10  8  2  0 16 18 12 15 17 13 11 19 23  0 21 22 28  0  0 26 27 31 29 33 30  0  0  0 34 37 41  0 38 43 40  0 44  0 46 49 51 55 53  0  0 50 48 54 58 56 60 64 57 63 59 61 62  0 65  0 71 72  0 69 70 67
  0 17 13 11 16  0 15  0  0 25 21 27 23  0  0 28 26 20 32 34 36 30  0  0  0 29  0 41 43  0  0 46 38  0  0 45 49  0 51 48 53 50 54 52  0  0 60 56 61 58 57  0  0 64 67 69 73 71 70 65 68 66 72 76 74 78  0 75 81 77  0 80  0  2  3  0  9 10  6  7  4
  0  0 49 47 52 54  0  0 48 61 57  0 59 60 58 64  0 56 68 70 72  0 69 71 67  0 73  0 79 75 76  1  0 78 80 81  4  2  6  3  0  0  9  7 10 14  0 11  0  0  0  0 18 19 22 24 28 26 25 20 23 21 27 31 29 33 37 30 36  0  0  0  0  0  0 44 45 46 42  0 40
  0 62  0 56 61 63 60 59 57  0 66 72 68 69 67 73  0 65 77 79 81 75 78 80  0  0  1  5  7  3  0 10  2  6  0  0 13 11  0 12 17 14  0  0 19 23 24 20 25 22  0  0 27 28  0 33  0 35 34 29 32 30  0 40  0  0 46 39 45  0 43 44 50 47 48 53 54  0 51 52 49
 38 36 32 30 35 37 34 33  0 44 40 46  0  0  0 47 45  0 51 53 55 49 52 54  0 48 56  0  0 58 59 65  0 61 63 64 68 66 70 67 72 69 73 71 74 78 79  0  0 77 76 81  1  2  0  7 11  9  8  0  6  4 10  0 12 16 20 13  0  0  0  0 24  0 22 27 28 29 25  0  0
 74 72  0 66 71 73  0 69 67  0  0  0 78 79 77  2 81  0  6  8  0  4  7  9  5  0 11  0  0  0 14  0  0  0 18 19 23  0  0 22  0 24 28 26 29  0 34  0 35 32 31 36 37 38  0 43  0 45 44  0 42 40  0 50  0 52 56 49  0 51  0 54 60  0  0 63 64  0  0  0 59
 29 27 23 21  0 28  0  0 22 35 31 37  0 34 32 38  0 30 42  0 46  0 43  0  0 39 47 51 53 49 50 56 48 52 54  0 59  0 61 58 63  0  0 62 65  0 70 66 71 68 67 72 73 74  0 79  2 81  0  0  0 76  0  0  3  7 11  4 10  6  8  9 15 12 13 18 19 20 16  0  0
 65 63 59  0  0 64 61 60 58 71  0 73 69 70 68 74 72 66 78 80  0 76  0 81 77  0  2  6  8  4  5 11  3  7  9 10 14 12 16 13 18 15 19  0  0  0 25 21 26 23 22 27 28 29 32 34 38 36 35 30 33 31 37 41 39 43 47 40  0 42 44 45 51  0 49  0 55  0 52 53 50
  0  0 50  0  0 55 52  0 49 62 58 64 60  0  0 65 63 57 69  0 73  0  0 72  0 66  0 78 80  0 77  2 75  0 81  1  5  0  0  4  0  6 10  8 11 15 16 12 17 14 13  0 19 20  0 25 29  0 26 21 24 22  0  0  0  0 38 31  0 33 35 36 42  0  0 45 46 47 43  0  0
 11  9  5  3  0 10  7  0  4 17 13 19 15 16 14 20 18 12 24  0 28 22 25 27  0 21 29  0 35  0 32 38 30 34 36 37 41 39 43  0  0  0 46 44 47  0 52 48  0 50 49 54 55 56 59 61  0 63 62  0  0  0 64 68 66 70 74 67  0  0 71 72 78  0 76  0  1  2 79 80  0
  2 81  0 75 80  1  0  0 76  8  4 10  6  7  5 11  9  0 15 17  0 13 16 18 14 12 20 24  0 22 23 29  0  0 27 28 32 30 34 31 36 33 37 35 38 42 43 39 44  0 40 45 46 47 50 52  0 54 53  0 51 49 55  0 57 61  0  0 64  0 62  0 69 66 67 72 73 74 70  0 68
 20 18 14 12 17 19 16 15  0  0 22  0 24 25 23 29 27 21 33 35 37 31 34 36  0 30 38 42 44 40 41 47 39  0 45  0 50 48  0 49 54  0 55 53 56 60  0 57 62  0 58  0 64 65 68 70  0 72 71 66  0 67 73  0 75 79  2 76  1 78  0 81  6  3  4  9 10 11  0  8  5
 47 45 41 39 44 46  0 42 40 53 49 55  0 52 50  0 54 48 60 62  0  0 61  0 59 57 65 69 71 67 68 74  0 70 72  0 77 75  0  0 81 78  1 80  2  6  7  3  8  5  0  9  0 11 14 16 20  0 17  0 15 13 19  0 21 25 29 22 28 24  0 27 33  0  0 36 37  0 34 35 32
  0  0  0  0 18 20 17 16  0 27 23 29 25  0 24  0 28  0 34 36  0  0  0  0 33  0  0 43 45 41 42 48  0 44 46 47 51 49  0 50  0 52 56 54  0 61 62  0 63 60 59 64  0 66 69  0  0 73 72 67 70 68  0 78 76 80  0  0  2 79 81  1  0  4  5  0 11 12  8  9  0
 12 10  6  4  0 11  8  7  0 18  0 20  0  0 15 21 19 13 25 27  0 23  0 28 24  0 30  0 36  0 33 39 31 35 37  0 42 40 44 41  0  0 47 45 48 52 53 49  0  0 50 55 56  0 60  0  0 64 63 58 61 59 65 69  0  0 75 68  0 70 72  0 79 76  0  1  0  0 80  0 78
 75 73  0 67  0 74 71  0  0  0 77  2 79 80 78  0  0  0  7  9 11  0  8  0  6  4 12 16 18 14 15 21 13 17  0 20  0  0 26  0 28 25  0 27 30 34 35 31 36 33 32 37 38  0 42  0 48 46 45 40  0  0 47 51 49  0 57 50 56  0 54  0  0 58 59  0 65 66 62 63 60
 57 55  0 49  0 56 53 52  0  0 59 65 61  0  0 66  0  0 70 72 74  0 71  0 69 67  0 79 81 77 78  3 76 80  1  0  6  4  8  5 10  7 11  0 12  0 17  0 18  0 14  0 20 21  0  0 30 28 27 22 25 23 29  0 31 35 39 32 38  0  0 37  0 40 41 46  0  0 44 45 42
 66 64 60  0  0  0  0 61  0 72 68 74  0 71 69 75 73 67  0  0  0 77  0  1 78 76  3  7  9  0  6 12  4  0 10  0 15 13  0 14 19 16 20 18  0 25 26 22 27 24  0 28 29  0 33  0 39  0  0  0 34 32 38 42 40  0 48  0  0 43 45 46 52 49  0 55  0 57 53 54 51
 39 37 33 31 36  0 35  0 32  0  0  0  0  0  0  0 46  0 52  0 56 50 53 55  0 49 57 61  0 59 60 66 58 62 64 65 69 67 71 68 73 70 74 72 75 79 80 76  0 78 77  1  2  3  6  8 12 10  9  4  7  5 11 15  0 17 21 14 20 16 18 19 25  0 23 28 29 30 26  0  0
  3  1 78 76 81  2 80 79 77  9  5  0  7  8  6 12 10  4 16 18 20 14 17 19  0 13 21 25  0 23 24  0 22 26 28  0 33 31 35 32 37 34  0  0 39  0 44 40  0  0 41  0 47  0  0  0 57  0 54 49 52  0  0 60 58  0 66 59  0 61  0 64 70  0  0 73 74  0 71  0 69
  0 28 24 22 27 29 26  0 23  0  0  0 34 35 33  0 37 31 43 45 47 41  0 46  0 40 48 52 54 50 51  0 49 53  0  0 60 58 62  0 64  0 65 63 66 70 71  0 72  0 68  0  0 75 78  0  3  1 81 76 79 77  2  6  4  8  0  5 11  7  9 10 16 13 14 19 20 21  0  0 15
 48  0 42  0 45 47 44  0 41  0 50 56  0 53  0 57 55 49 61 63 65  0 62 64 60 58  0 70  0 68 69 75 67 71 73  0  0  0  0 77  0 79  2 81  3  0  0  4  9  0  5 10 11 12 15 17 21 19 18  0 16 14 20 24  0 26  0 23 29  0 27 28 34 31 32 37 38 39 35 36 33
  0  0 79 77  1  3 81 80  0 10  6 12  8  9  7 13  0  5  0 19 21 15 18 20 16 14  0  0 28  0 25  0 23 27 29  0 34 32 36 33  0  0 39 37 40 44 45  0 46 43 42 47 48 49 52 54 58  0 55 50  0  0  0 61  0 63 67 60 66 62  0 65 71 68 69 74 75 76 72 73  0
 22 20  0 14 19 21  0 17 15 28 24  0 26 27  0 31 29 23 35 37 39 33 36  0 34  0 40 44 46 42 43 49 41 45  0  0 52 50 54  0 56 53 57 55  0 62 63 59  0 61  0 65 66  0 70  0 76 74 73  0 71 69 75 79 77 81  0 78  3 80  1  2  8  5  6 11 12 13  0  0  7
  0 38  0 32 37 39 36 35 33 46  0 48 44 45 43 49  0 41 53 55 57  0  0 56 52 50 58 62 64 60 61 67  0 63 65 66  0 68 72 69 74  0 75 73 76 80  0  0  0 79 78  2  3  0  7  9 13 11 10  5  8  6 12 16 14  0 22 15 21 17  0 20 26 23 24 29 30 31 27 28 25
  0  0 70  0 73  0 72  0 69  1 78  3 80 81 79  4  2  0  8 10  0  6  9  0  7  5  0 17 19 15 16 22  0 18  0 21 25  0  0 24 29  0 30 28 31 35 36 32 37  0  0 38 39  0  0  0 49 47 46 41  0  0 48  0  0 54  0 51  0 53 55 56 62 59 60  0 66  0 63 64 61
  0 11  7  0  0 12  9  8  6 19 15 21 17 18  0 22  0  0 26 28  0 24 27 29  0  0  0 35  0 33  0 40 32 36 38 39 43 41 45 42 47 44 48 46 49 53 54 50 55 52 51 56 57 58 61 63 67  0 64 59 62 60 66 70  0 72 76 69 75 71 73  0 80 77 78  2  3  4 81  1 79
 58 56 52 50 55  0  0 53  0  0 60  0 62 63  0 67 65 59  0 73 75 69  0  0 70 68 76 80  1  0 79  4 77 81  2  0  7  0  9  6 11  8 12 10 13 17 18 14 19  0 15  0  0 22 25  0  0 29 28 23 26 24 30 34 32 36  0  0 39 35  0  0  0 41 42 47 48  0 45 46 43
 49 47 43  0  0  0 45 44 42 55 51 57 53 54 52  0  0 50  0 64 66 60 63  0 61 59 67 71 73 69 70 76 68 72  0 75  0 77 81 78  0 80  3  1  4  0  9  5  0  7  6  0 12 13 16 18 22 20  0 14  0  0 21 25  0 27  0 24 30 26 28 29 35 32  0 38  0 40  0 37  0
  0  0  0  0 28  0  0  0 24 37 33 39 35 36 34 40 38  0 44 46 48 42 45 47  0 41 49 53  0 51 52 58 50 54 56 57 61  0  0  0 65 62 66 64  0 71 72 68  0  0 69 74 75  0  0 81  4  2  1 77 80 78  3  7  5  9 13  6 12  0  0 11 17 14  0 20 21 22 18 19  0
 67  0 61 59 64  0  0 62 60 73 69 75  0 72 70 76 74 68  0  1  0  0 81  0 79  0  4  0  0  6  0  0  5  9 11 12  0 14 18  0 20 17 21 19 22 26 27 23 28 25 24 29 30  0  0 36 40 38 37 32 35 33  0  0 41  0 49 42 48 44 46 47 53 50 51 56 57 58 54  0  0
 32  0  0 24 29 31 28 27 25  0  0  0 36 37 35 41 39  0 45 47  0 43  0  0 44 42  0  0 56 52  0 59 51  0  0 58  0 60  0 61 66  0 67 65 68 72  0 69 74 71 70  0 76 77 80  1  5  0  0 78 81 79  0  8  6 10  0  7  0  9 11 12 18 15 16  0  0 23 19 20 17
 23 21  0 15  0 22 19 18 16 29 25 31  0 28 26 32  0 24 36 38  0 34 37 39  0  0 41  0  0  0 44  0  0 46  0 49  0  0 55  0  0  0 58  0 59 63 64  0  0 62 61  0 67 68 71 73 77 75  0 69 72 70 76 80 78  1  5 79  4  0  2  3  9  6  7 12 13 14 10  0  8
 59 57  0 51  0 58 55 54 52 65  0 67  0 64 62 68 66 60 72  0  0 70 73 75 71 69 77  0  2 79 80  5 78  1  0  4  0  6 10  7 12  9  0 11 14 18 19  0 20  0  0  0 22 23 26 28 32 30  0 24  0  0 31 35 33 37 41 34 40 36 38 39 45  0  0 48 49 50 46  0 44
  0 48 44 42 47 49 46 45  0 56 52 58 54 55 53 59 57 51 63 65 67  0 64  0 62  0 68 72 74 70  0 77 69 73 75  0 80 78  1 79  3 81  0  2  5  9 10  0 11  8  7 12  0 14 17 19 23 21 20  0  0 16 22 26  0 28  0 25 31  0  0  0 36 33 34 39 40 41 37  0 35
 14 12  8  6 11  0 10  9  0  0 16 22  0  0  0 23  0 15 27  0  0  0 28 30 26 24  0  0 38 34  0 41 33  0  0 40 44  0 46 43 48  0 49 47 50  0 55 51 56 53  0  0 58 59 62 64 68 66 65 60  0  0 67 71 69  0 77 70 76 72 74 75  0 78 79  3  4  5  0  0 80
 41 39 35 33 38 40 37  0 34 47  0 49 45 46 44 50 48  0 54  0 58  0  0  0 53  0  0 63  0 61 62  0  0  0 66 67  0 69  0 70 75  0 76  0 77 81  1 78  0  0 79  3  4  0  8 10 14  0 11  6  9  7 13  0  0 19 23 16 22 18 20 21 27 24 25 30 31 32 28 29 26
 68 66 62 60 65  0 64  0 61 74 70 76 72 73 71  0 75 69 81  2  4 79  1  3 80 78  5  9 11  7  0  0  0  0 12 13 17 15 19  0 21 18 22 20 23 27  0  0 29 26 25 30 31 32 35 37 41 39 38 33 36 34 40 44 42 46 50 43 49 45 47  0 54  0  0 57 58  0 55 56  0
 77 75  0 69  0 76 73  0 70  2 79  0  0  1  0  0  3 78  9  0 13  7 10 12  0  0 14 18 20 16 17 23 15 19 21  0 26 24 28 25  0 27 31 29 32  0  0 33 38 35 34 39 40 41 44 46 50 48 47 42  0 43 49 53 51 55 59  0  0 54  0  0 63  0 61 66 67 68 64  0 62
  5  3  0 78  2  4  1 81 79 11  7  0  0 10  8 14  0  0 18 20 22 16 19 21 17  0 23 27  0 25  0 32 24 28 30  0 35 33  0 34 39  0 40 38  0 45  0 42  0 44  0 48 49 50  0 55  0 57  0 51  0  0  0 62 60 64 68 61 67 63 65 66 72 69  0  0 76 77 73 74  0
  0 67  0 61 66 68  0 64 62 75 71 77  0 74 72 78 76 70  1  3  5  0  2  4 81 79  0  0 12  8  9 15  7 11 13  0 18 16  0  0 22  0 23  0 24 28 29 25 30 27 26 31  0 33  0  0  0 40 39  0  0 35  0 45  0 47 51 44 50  0 48  0 55 52  0 58 59 60  0 57 54
 78 76 72 70 75  0  0 73 71  3 80  5  1  0 81  0  4 79 10 12 14  8  0 13  0  7  0 19 21 17  0 24 16 20 22 23 27 25 29 26  0 28 32  0 33 37 38 34  0 36 35  0 41 42 45 47 51  0 48 43 46 44 50  0  0  0 60 53  0 55 57 58 64  0  0 67 68 69 65 66  0
  0  0  9  7  0  0  0  0  8 21 17 23  0  0  0 24 22  0 28 30 32  0 29 31 27 25 33 37  0 35 36 42 34 38 40 41 45 43 47 44 49 46 50 48 51 55  0 52  0  0 53 58 59 60 63 65 69  0 66  0  0 62 68 72  0 74 78 71 77  0 75 76  0 79  0  4  5  6  2  0 81
 33 31 27 25  0 32 29 28 26 39 35  0 37 38 36 42 40  0 46 48  0 44 47  0 45 43 51  0 57 53 54 60  0  0  0  0 63 61 65 62 67  0 68 66 69  0 74 70  0 72 71 76 77 78  0  2  0  4  0 79  1 80  5  9  7  0 15  8  0 10  0 13 19  0 17 22 23 24 20 21 18
  6  4 81 79  0  0  2  1 80  0  8 14 10 11  9  0 13  7 19 21  0 17 20 22 18 16 24  0  0 26 27 33 25 29 31 32 36 34 38 35 40 37 41 39 42 46 47  0  0  0  0 49 50 51 54 56 60 58 57 52 55 53  0  0 61 65 69  0 68 64 66 67 73 70 71 76  0 78 74 75 72
 24 22  0 16 21 23 20 19 17 30 26 32 28 29  0  0 31 25 37  0  0 35 38 40 36 34 42 46 48 44 45  0 43 47  0  0 54 52  0 53 58 55 59 57 60 64 65 61  0  0 62  0 68 69 72 74  0 76 75 70  0 71  0 81 79  2  6 80  0  1  3  4 10  0  8  0 14 15 11 12  9
  0  0 54 52 57 59 56  0 53 66 62 68 64 65 63 69 67 61 73 75 77 71 74 76 72 70 78  0  3 80 81  6 79  2  4  0  9  7 11  8 13 10  0 12 15 19  0 16 21  0 17 22 23 24 27 29 33 31 30  0 28 26 32 36 34 38 42 35  0 37 39 40 46 43 44 49 50 51 47  0 45
 51 49  0 43  0  0 47 46  0 57 53 59 55 56 54 60  0 52 64 66 68 62 65 67 63  0 69  0  0  0  0 78 70  0 76 77  0 79  0 80  0  1  5  0  6  0 11  7 12  9  0 13 14 15 18 20 24 22  0 16 19 17  0  0 25 29 33 26  0  0 30 31 37  0 35  0 41 42  0 39  0
 42  0 36 34 39  0  0 37  0 48  0  0 46  0  0  0  0 43  0 57 59 53 56 58 54 52 60 64 66  0  0 69 61 65 67  0 72 70 74 71 76 73 77 75 78  1  0 79  3  0  0  4  5  6  0  0  0  0 12  0 10  8 14 18 16 20 24  0 23  0 21 22  0  0  0 31 32 33 29 30 27
 79 77  0 71 76 78 75  0 72  4 81  6  2  3  1  7  5 80 11  0 15  9 12  0 10  8 16 20  0 18 19 25 17 21  0 24 28  0 30 27 32 29 33 31  0 38 39  0 40 37 36  0  0  0 46  0  0  0  0 44  0 45  0  0 53  0  0 54  0 56 58 59 65  0  0  0 69 70 66 67 64
  0  0  0 17 22 24 21 20 18 31 27 33  0 30 28 34 32 26 38 40  0  0 39 41 37  0 43  0 49  0 46 52 44 48 50 51  0 53 57 54 59 56 60 58 61  0 66 62 67 64 63  0 69 70 73 75  0 77 76 71  0 72 78  1 80  3  7  0  6  2  0  5  0  8  9 14  0 16  0 13 10
  0 41 37 35 40  0  0 38  0 49 45 51  0 48  0 52  0 44 56  0 60 54 57 59 55 53  0 65 67 63  0 70  0 66 68 69 73 71 75 72 77 74 78 76  0  2  3 80  4  0 81  5  0  7 10 12 16 14 13  8  0  0 15 19  0 21 25 18 24  0 22 23 29 26 27  0  0 34 30  0  0
  0 14 10  0 13  0 12 11  9 22 18 24 20 21 19 25 23  0 29 31  0 27 30 32  0  0 34 38 40 36 37 43 35 39 41  0 46 44  0 45 50 47 51 49  0 56 57 53 58 55  0 59  0 61  0 66 70 68 67 62  0 63  0  0  0 75 79  0 78  0 76  0  2 80 81  0  0  7  0  4  1
 70 68 64 62  0  0 66 65  0 76  0 78 74 75 73 79 77 71  2  4  6 81  3  0  1 80  7 11  0  0 10 16  8 12 14 15 19  0 21 18  0  0 24 22  0  0  0  0 31 28  0 32 33  0  0 39 43 41  0  0 38  0 42 46 44 48 52 45 51 47 49  0 56  0 54  0 60 61 57 58 55
 34 32 28 26 31 33  0  0 27 40 36 42  0 39  0  0 41 35  0 49 51 45  0 50 46  0 52 56  0 54 55 61 53 57  0  0  0  0 66 63 68 65 69 67 70 74  0  0 76 73 72 77  0 79  1  3  7  5  4 80  2 81  6  0  8  0 16  0 15 11 13  0 20 17 18 23 24  0 21 22 19
 52 50 46 44 49  0 48 47  0  0 54 60  0 57 55  0  0 53 65 67 69 63 66 68  0 62 70 74 76 72  0  0  0 75  0 78  1 80  0 81  5  2  6  4  7 11 12  8 13  0  9 14 15 16 19 21 25  0  0  0  0  0 24 28 26 30 34 27 33  0 31  0 38 35  0 41 42 43  0 40 37
  0  5  0 80  4  0  3  2 81 13  9 15 11 12 10 16 14  8 20 22 24  0 21 23  0  0  0 29  0  0  0 34  0 30 32 33 37  0  0 36 41 38 42 40  0  0 48 44 49 46  0  0 51 52 55 57 61 59  0 53 56 54 60 64 62 66  0 63 69 65  0  0 74 71  0  0 78 79 75 76 73
 61  0 55  0 58 60  0 56 54 67 63  0 65 66 64 70 68 62  0 76 78  0 75  0 73 71 79  2  0 81  1  7  0  3  0  6 10  8  0  0  0 11  0  0 16 20 21 17  0  0 18 23  0 25  0  0 34 32 31  0  0 27 33 37 35 39  0 36  0  0 40  0  0 44 45 50 51 52 48 49  0
  0  0 11  0 14  0  0  0  0 23 19  0  0 22 20 26 24  0  0  0  0  0 31 33 29 27 35 39 41 37  0 44 36 40 42  0 47  0 49 46 51 48 52  0 53  0  0 54 59  0  0 60 61 62 65 67  0 69 68 63 66  0 70 74 72 76 80  0  0 75 77 78  3  0  1  0  0  8  4  0  2
 53  0 47 45 50  0 49 48  0 59  0 61 57 58  0  0 60  0 66 68 70  0 67  0 65 63  0 75 77 73 74 80 72  0 78 79  2 81  0  1  0  3  0  5  8  0 13  9 14 11 10 15 16  0 20 22 26  0 23 18 21 19 25  0 27 31 35 28 34 30 32 33 39 36 37 42 43 44 40 41  0
  8  0  0  0  5  7  4  3  1 14 10  0 12 13 11 17 15  0 21 23  0 19 22 24 20  0  0 30 32 28 29 35  0 31 33  0 38 36 40 37  0 39  0 41  0 48  0  0  0 47 46 51 52 53 56 58 62  0 59 54  0  0 61 65 63 67  0 64 70 66 68 69  0  0 73  0 79 80 76 77 74
 44 42 38 36 41 43 40 39  0 50  0 52  0  0 47 53 51 45 57 59 61 55 58 60 56 54  0 66  0  0 65 71 63 67 69 70 74  0  0 73 78 75 79 77  0  3  0  0  5  2  1  0  7  8 11 13  0 15 14  0 12 10 16  0  0  0 26 19  0  0 23 24 30  0 28 33  0 35 31 32  0
 80  0 74 72 77  0  0  0 73  0  1  7  0  4  2  8  0  0 12 14 16  0 13  0 11  9 17 21 23 19 20 26  0 22 24 25  0 27 31  0 33 30 34 32 35 39 40 36 41 38 37 42 43  0 47 49 53 51  0 45 48 46 52 56  0 58  0  0 61 57  0 60 66 63 64 69 70 71 67  0 65
  0 69 65 63 68 70  0 66 64 77 73 79 75 76  0 80 78  0  3  5  7  1  0  0  2  0  8 12 14 10 11 17  9 13 15 16 20 18 22  0  0  0  0 23 26 30 31 27 32 29 28 33 34 35  0 40 44 42 41  0  0 37  0 47 45 49 53  0 52 48  0 51 57 54 55 60 61 62 58 59 56
 35 33 29  0  0 34 31  0 28 41 37 43 39  0 38 44 42 36 48 50 52 46  0  0 47 45  0 57 59 55 56  0 54 58 60 61 65 63 67  0 69 66 70  0  0 75 76 72  0 74  0 78  0 80  2  4  0  0  5 81  3  1  0 11  9 13 17 10  0 12 14 15 21  0 19  0  0  0  0 23 20
 62 60 56 54 59 61 58 57 55  0  0 70 66  0 65 71  0 63  0 77 79 73  0 78 74 72 80  3  0  0  2  8  0  0  6  7 11  0 13  0 15 12  0 14 17 21 22 18  0 20 19  0  0 26 29 31 35 33  0  0 30 28  0 38 36 40  0  0  0 39 41 42 48 45 46  0  0  0 49 50 47
 26 24 20 18 23 25 22 21  0 32  0 34 30 31 29 35  0 27 39 41  0 37 40 42 38  0 44  0 50  0 47 53 45 49  0  0 56 54 58 55 60  0 61 59  0 66  0 63  0  0 64 69 70 71 74 76 80 78 77 72 75 73 79  2 81  0  8  1  7  3  0  6 12  0 10  0 16  0  0 14 11
