9
  0 34  0  0 30  0 29 35 31 41  0 43  0 37 42 38  0 45 47  0 48  0 49 50 52  0  0  0  0  0  0 56  0  0  0  0  0 71  0  0 64  0 65 72  0 77 74  0 79 80 81 78 76  0  0  0  7  0  6  1  4  9  0 14 16 11  0 12 15  0  0 18  0  0  0 19 20 21 24  0  0
  6  7  0  0  3  9  2  8  0 14 12  0  0 10 15 11 17  0  0 19  0 26  0 23 25 27 24  0 35 30  0 29 28 36 32 33  0  0  0 41 37 43  0 45 40  0 47 46 52 53 54 51 49 48 56  0 61  0 60  0  0 63  0 68 70 65  0 66 69  0 64 72 80 79 77 73 74 75  0 81 76
 69 70 68 64 66 72 65 71 67 77  0  0 76 73  0 74 80 81  2  1  3  8  0  0  0  0  6 16 17  0 13  0 10 18  0  0 21 26  0  0  0 25 20 27 22 32 29 28  0  0 36  0 31 30 38 39  0  0  0 37 40 45  0 50 52 47 49 48 51 53 46  0  0 61 59 55  0  0  0 63  0
  0 25 23 19 21  0 20  0  0 32 30 34 31  0 33  0  0 36 38 37 39  0 40  0  0 45  0 52 53  0 49  0 46 54  0 51 57 62 60 59 55 61 56 63 58 68 65 64 70 71 72 69  0 66 74  0 79 80 78 73 76 81  0  0  0  2  4  0  6  0  0  9  0 16  0 10 11 12 15 18 13
  0 43 41 37 39 45  0 44 40 50  0 52  0 46  0 47 53 54  0 55  0 62 58 59 61  0  0 70 71 66 67 65 64 72 68 69 75 80  0 77  0 79 74 81 76  5  2  1  7  8  9  0  4  3 11 12 16 17 15 10  0 18 14  0 25 20 22  0 24 26 19  0 35 34  0 28 29  0  0  0 31
 60 61 59 55 57 63 56  0  0 68 66 70 67 64  0 65 71  0 74  0  0  0 76 77 79  0 78  7  8  3  0  2  1  9  5  6 12 17  0 14 10 16 11 18  0  0 20 19 25 26 27  0 22 21 29 30 34 35  0  0 31 36  0 41  0  0  0  0 42 44 37 45  0 52 50  0 47 48  0 54 49
 51  0 50  0 48 54 47 53  0  0  0 61  0 55 60  0 62 63 65 64  0 71 67 68 70  0 69 79 80  0 76 74 73  0  0 78  3  8  0  0  1  0  2  9  0 14 11 10  0 17  0 15  0 12 20  0  0 26 24  0  0 27  0 32 34 29  0  0 33 35 28 36 44 43  0 37 38 39 42 45  0
 15  0 14 10  0 18 11 17  0  0 21 25 22  0 24  0 26 27  0 28 30  0 31 32 34 36 33 43 44 39  0  0  0 45 41 42  0 53  0 50 46 52 47 54  0 59  0 55  0 62 63 60 58  0 65 66 70  0  0 64  0 72 68 77  0  0 76 75  0 80 73 81  8  0  5  0  2  0  6  9  4
 78  0 77  0 75 81 74 80 76  5  0  7  0  0  6  2  8  9 11 10 12 17 13 14  0 18  0 25 26 21 22 20 19 27 23 24  0 35 33 32 28 34 29 36 31 41 38  0  0 44 45  0 40 39 47 48  0  0  0 46 49 54  0 59 61 56 58 57  0 62  0 63 71  0  0 64  0 66 69 72 67
 61 62 60  0  0  0 57 63 59 69 67  0 68 65  0 66 72 73 75  0  0 81 77 78 80  1 79  0  0  0  5  3  2 10  6  7 13  0  0  0 11 17 12 19  0  0  0 20  0 27  0 25 23 22 30  0 35  0 34 29 32  0  0  0 44  0  0 40 43 45  0 46 54 53 51 47 48 49 52  0 50
 43 44 42 38 40 46 39 45 41  0  0  0 50 47 52 48  0 55 57  0  0 63 59  0  0 64 61 71 72 67 68 66  0  0 69 70  0 81  0  0  0 80 75  1 77  0  3  2  8  0 10  7  5  0  0  0 17  0  0 11 14  0  0 24  0 21 23 22  0  0 20 28 36 35 33 29  0 31 34  0  0
  0  0 69  0 67 73  0 72  0 78 76 80 77  0 79 75 81  0  3  2  4  0  0  6  8 10  7  0 18 13 14 12  0 19 15 16 22 27 25 24  0 26  0  0  0  0 30 29 35 36 37 34  0 31  0  0 44 45  0 38 41 46  0 51 53 48  0 49  0  0 47 55  0 62 60  0 57  0 61 64  0
  7  8  6  2  4  0  3  9  5 15 13 17  0 11  0 12 18 19 21 20 22  0  0 24 26  0 25 35 36  0 32 30  0 37  0 34  0  0 43  0 38 44  0 46 41 51 48 47  0 54 55  0 50 49  0 58 62  0  0  0 59  0 60 69 71 66 68  0  0 72 65 73 81 80 78  0 75 76 79  0 77
 52  0  0  0 49  0 48 54  0 60 58  0 59 56 61 57  0 64  0  0 67 72 68 69 71 73 70  0 81 76  0 75  0  1 78 79  4  9  7  6  2  0  3 10  0  0  0 11  0 18  0  0 14  0 21 22 26  0 25 20 23 28  0 33  0 30  0 31  0 36 29 37 45 44 42  0  0 40  0 46  0
 25 26  0 20 22 28  0 27 23 33  0 35 32 29  0 30 36 37  0  0  0 45 41  0 44  0  0 53  0  0 50  0  0  0 51  0 58  0  0 60  0  0 57  0  0 69 66  0  0 72 73  0 68 67  0 76  0 81 79 74 77  0 78  6  0  3  0  4  7  9  2 10 18 17  0 11 12 13 16  0  0
  0  0 78 74 76  1 75 81  0  0  4  8  5  2  7  3  0 10 12 11 13 18  0  0 17  0 16 26  0 22  0 21  0 28  0  0 31  0 34 33 29  0 30 37  0  0  0 38 44  0 46 43 41 40 48 49 53 54  0  0 50 55 51 60 62 57 59 58 61 63 56 64 72 71 69 65  0 67 70  0  0
 34  0  0 29 31 37 30 36 32 42  0 44 41 38 43  0  0 46 48  0 49 54  0 51 53 55 52  0 63 58  0 57  0 64 60 61 67 72 70 69  0 71 66 73 68 78  0 74 80 81  0 79  0 76  3  0  8  9  7  2  5 10  6 15 17 12 14 13 16 18  0  0 27  0 24 20  0 22 25  0 23
 16 17 15 11 13  0  0  0  0  0  0 26 23 20 25 21 27 28 30 29  0 36 32  0  0  0 34  0 45  0 41  0 38 46  0 43 49 54 52 51  0 53 48  0 50 60 57 56  0  0 64 61  0 58 66 67 71 72 70 65 68 73 69  0 80 75 77 76  0  0 74  0  9  0  6  2  3  0  7 10  0
  0  0 52  0 50  0 49 55  0  0  0 63 60 57 62 58 64 65  0 66  0 73 69  0 72  0  0 81  1 77 78  0 75  2  0 80  5 10  8  0  0  0  4 11  6 16 13 12  0 19 20 17 15 14 22  0  0  0 26 21 24 29 25  0 36 31 33  0 35  0  0 38 46 45 43  0  0  0  0 47 42
 17 18 16 12 14 20  0 19 15  0 23  0 24  0  0 22  0 29 31 30  0 37 33 34 36 38 35 45  0 41  0 40 39 47  0 44 50 55 53  0 48  0 49 56  0  0 58 57  0 64 65 62 60  0 67 68  0 73 71 66  0  0  0  0 81 76 78  0  0  1 75  2 10  9  0  3  4  5  8 11  0
  0  0 61  0 59 65 58 64 60 70 68 72 69 66 71  0 73 74 76  0 77  0 78  0 81  0 80  0 10  5  6  4  3 11  7  8 14 19  0 16 12 18 13  0 15 25  0 21 27 28 29 26  0 23 31  0 36  0 35 30 33 38 34 43  0 40 42 41 44  0  0 47 55  0 52  0 49 50 53  0 51
  0 27  0 21 23 29 22  0  0 34 32  0  0 30 35 31 37 38  0 39  0 46 42 43  0 47  0 54  0 50  0  0 48  0 52 53 59  0 62 61  0 63 58 65  0 70 67 66  0 73 74 71  0 68 76  0  0  0  0  0  0  2  0  7  9  4  6  0  8 10  3 11 19 18 16 12 13  0  0 20 15
 44 45  0 39 41 47  0 46 42 52  0 54  0 48 53 49 55  0  0 57 59  0 60 61  0 65 62 72  0 68 69 67  0 74 70 71 77  1 80  0 75 81  0  2 78  7  0  3  9  0 11  0  6  5 13 14  0 19 17  0 15 20 16 25 27  0 24  0  0 28 21 29 37 36 34  0  0 32 35  0 33
 80 81  0 75  0  2 76  1  0  7  5  9  6  0  8  4 10  0 13 12  0  0 15 16 18 20 17 27 28 23 24 22  0 29  0  0 32 37  0 34 30 36 31 38 33 43 40  0 45 46 47 44  0  0 49 50 54 55 53  0 51  0 52 61  0  0  0  0 62 64 57  0 73 72 70 66 67 68  0 74 69
 35 36 34  0 32 38  0 37 33  0  0 45  0  0 44 40 46 47 49 48  0 55 51 52 54 56 53 63  0 59  0 58  0 65 61  0 68 73 71 70 66 72 67 74 69 79 76  0 81  1  2  0 78 77  4  0  9 10  8  0  6 11  0 16  0 13  0  0  0  0 12 20 28 27 25  0 22  0  0 29 24
 71 72  0 66  0 74 67 73 69 79 77 81 78  0  0  0  0  2  4  0  5  0  6  0  9 11  8 18 19 14  0  0  0  0  0  0 23 28 26  0  0  0 22 29 24 34 31  0 36 37 38 35  0 32 40  0 45  0 44  0 42  0 43 52 54 49 51 50  0  0  0 56 64 63  0  0  0 59  0  0 60
  0  9  7  3  5 11  4  0  0 16 14 18 15 12  0 13 19 20 22 21  0 28  0 25 27 29  0  0  0 32  0  0 30 38 34 35 41 46 44  0 39  0  0 47  0 52 49 48 54 55 56  0  0 50  0 59 63 64 62  0  0  0 61 70 72 67  0  0 71  0 66 74  0  0 79  0 76  0 80  2 78
 36 37  0 31 33 39 32  0  0  0  0 46  0  0  0  0  0  0 50 49  0 56 52 53  0 57  0 64 65 60 61 59 58 66 62  0 69 74 72 71 67 73 68 75 70 80 77  0  1  2  3  0 79 78  5  6 10 11  9  4  7 12  8 17 19 14 16 15 18 20  0 21 29 28 26  0 23  0  0 30 25
 81  1 80 76 78  3 77  2 79  0  6 10  7  4  9  5  0 12 14 13  0 20 16 17 19 21 18 28  0 24 25 23 22  0 26  0 33  0  0 35 31 37 32 39 34 44  0 40  0 47  0  0  0  0  0  0  0  0 54 49 52 57  0  0 64 59 61 60  0  0 58 66 74 73 71  0  0 69  0  0 70
 45  0 44  0 42 48  0 47  0 53  0 55  0  0  0 50 56 57  0 58  0 65 61 62 64  0 63 73  0 69 70  0 67 75 71  0  0  2 81  0  0  0 77  3 79  0  5  4 10 11 12  9  0  0 14 15 19 20 18  0 16 21  0 26 28  0  0 24 27 29  0  0 38 37 35 31 32 33 36 39 34
 27 28 26 22 24  0 23 29  0 35 33 37 34 31  0  0  0  0 41 40  0 47 43  0  0 48 45  0  0 51 52 50 49  0 53 54 60 65 63 62 58 64  0 66  0 71  0  0  0  0 75 72 70  0 77 78  1  2  0 76 79  3  0  8  0  5  7  0  9 11  4  0 20 19  0 13 14 15  0 21  0
  0  0 17  0  0  0  0 20 16  0 24 28 25  0 27  0 29  0  0  0 33  0 34  0  0  0 36 46 47 42  0 41  0 48 44 45 51 56 54  0 49  0 50  0 52 62 59  0 64  0 66 63 61 60 68 69 73  0 72 67 70  0  0 80  1  0 79 78 81  2 76  0 11  0  8  4  5  0  9 12  0
  0 64  0  0 60  0  0  0 61 71 69 73  0 67 72 68 74 75 77  0 78  0  0  0  1  3  0 10  0  6  7  0  4 12  0  0 15  0 18  0  0 19 14  0 16 26  0 22 28 29  0  0 25 24 32 33  0 38  0  0 34 39  0  0 46  0 43 42 45  0 40 48  0 55 53 49  0 51 54 57 52
  0 73 71 67  0 75  0  0  0 80 78  0 79  0  0 77  2  0  0  4  6 11  7  0  0 12  9  0  0 15 16 14 13 21 17 18  0  0 27 26  0 28  0 30 25 35 32 31 37 38  0 36 34 33  0 42 46 47 45 40  0 48  0  0  0 50  0 51 54 56 49 57 65  0 62 58 59 60 63 66  0
  0 10  8  4  6 12  0 11  7  0 15 19  0 13 18  0 20 21 23  0 24  0 25  0 28 30 27 37  0  0  0  0 31 39 35 36 42 47 45  0 40  0 41  0  0 53 50 49 55 56  0  0 52  0 59 60 64  0 63 58 61  0  0  0  0 68 70 69 72  0  0 75  0  1  0 76  0 78  0  0 79
  0 55 53 49  0 57  0 56 52  0  0  0 61  0  0 59 65 66  0 67 69 74 70 71  0  0 72  1  0 78 79 77 76  3 80 81  6 11  0  0  4 10  5 12  7  0 14  0  0 20 21  0  0  0 23  0 28 29 27 22 25 30  0 35 37  0  0  0  0 38 31 39  0 46 44 40 41 42 45  0  0
 55 56  0 50 52  0  0  0 53 63  0 65 62 59  0 60  0  0 69 68 70 75  0  0  0 76  0  2  0 79 80  0 77  4 81  0  7 12 10  9  0 11  0 13  0 18 15 14  0  0 22  0 17  0 24  0 29 30 28 23 26  0  0 36  0  0 35 34  0 39 32  0 48 47 45 41  0  0 46  0  0
 28  0  0  0  0  0  0  0  0 36 34 38 35  0 37 33 39 40  0 41  0 48 44 45 47 49 46 56 57 52 53 51 50 58 54  0 61 66 64  0  0 65  0  0 62  0 69 68  0 75  0  0 71  0 78  0  2  3  0 77 80  4 81  9 11  6  0  7  0 12  5 13 21 20 18 14  0  0 19 22 17
 64  0  0 59 61 67 60  0 62 72 70 74  0 68 73 69 75 76  0  0 79  0  0 81  0  4  1  0 12  0  0  6  5  0  9  0  0 21 19 18 14 20  0  0 17 27  0 23 29 30  0 28 26 25 33  0  0  0 37 32 35 40 36  0 47 42 44  0 46 48 41 49 57 56 54 50 51  0  0 58 53
 19 20  0 14  0 22 15 21 17 27  0 29 26 23 28 24  0 31 33  0 34 39 35 36  0 40 37  0  0 43  0 42 41 49 45 46 52 57 55 54  0 56  0  0 53 63  0 59 65 66  0  0 62 61 69 70 74 75 73  0 71 76  0  0  2 78 80 79  1  3 77  0 12 11  0  5  6  7  0 13  8
 37 38 36 32  0  0 33 39 35 45 43  0 44  0 46  0 48 49  0 50 52 57 53  0 56 58 55 65 66 61 62 60  0 67  0 64  0 75 73 72 68 74 69 76  0  0 78  0  2  3  0  0 80 79  6  7 11 12 10  5  8 13  9  0 20 15 17 16  0 21 14 22 30  0 27 23 24 25 28 31 26
  0  0  9  0  7  0  6 12  8  0  0  0 17  0 19 15 21 22 24  0  0  0 26 27 29  0 28 38  0  0 35 33 32 40 36  0 43 48 46 45 41 47 42 49  0 54 51 50 56 57 58 55 53 52 60 61  0 66 64 59 62 67 63 72  0 69 71 70 73 75  0 76  0  0 81 77 78 79  1  4 80
  0 47 45  0 43 49 42  0  0 54 52  0 53 50 55 51 57  0 60 59 61 66  0 63  0 67 64  0 75 70 71 69 68 76  0 73  0  3  1 81 77  0 78  4 80  9  6  5  0 12 13  0  0  7  0 16 20 21  0 14  0 22 18 27 29 24 26 25 28 30  0  0  0 38  0  0  0  0 37 40 35
  1  0 81 77 79  0  0  3 80  9  7  0  8  5 10  6 12 13 15 14 16 21  0 18 20  0 19  0  0 25  0  0 23  0 27 28 34 39 37 36 32  0 33 40  0 45 42  0 47 48 49 46 44 43  0 52  0  0 55 50  0 58 54 63 65  0 62 61  0 66  0 67 75 74 72 68 69  0 73 76 71
 73  0 72  0 70  0 69  0  0 81 79  2 80  0  1 78  3  4  6  5  7  0  8  9  0  0 10  0 21 16 17 15  0 22 18 19 25 30 28  0  0 29 24 31  0 36  0  0 38  0  0 37 35  0  0  0 47 48 46 41  0 49  0 54 56 51  0  0 55  0  0  0 66  0 63 59 60 61 64  0 62
  0 48 46 42 44  0  0 49 45 55 53 57 54 51 56 52 58 59  0  0 62 67 63 64  0 68 65 75  0  0 72 70 69  0 73 74 80  0  2  1 78  3 79  5 81 10  0  0 12  0 14 11  9  8 16 17 21 22 20  0  0 23 19 28  0 25  0 26  0 31  0  0 40 39  0 33 34 35  0 41 36
 11 12 10  6  8 14  0  0  9  0  0  0  0 15  0 16 22 23  0 24 26  0 27 28 30  0  0  0 40  0  0 34 33 41  0 38 44 49 47 46  0 48 43 50  0 55  0 51  0 58 59 56  0 53  0 62 66 67 65 60  0 68 64  0 75 70 72 71 74 76 69 77  4  3  0 78 79 80  0  5  0
  2  3  1  0  0  5 79  0 81 10  8  0  0  0 11  7  0 14 16  0 17 22 18  0 21 23 20 30  0  0 27 25  0  0 28  0  0 40 38  0 33 39 34  0  0  0  0 42 48 49  0  0 45 44  0  0 57  0  0 51  0  0 55 64 66 61 63 62 65 67 60 68 76  0 73 69  0  0 74 77 72
 38 39 37 33 35 41 34 40  0 46  0  0 45  0 47  0 49 50  0  0 53 58 54  0  0  0  0 66 67 62 63 61  0  0  0  0  0 76  0  0 69 75 70 77  0  1 79 78  3  4  0  0 81  0  7  8  0 13 11  6  9 14 10 19 21 16 18  0 20 22  0 23 31  0 28 24  0 26 29 32 27
 29  0 28 24  0 32 25  0  0 37 35 39 36  0  0  0  0 41 43 42 44  0 45  0  0  0 47  0 58  0  0 52  0 59  0 56  0 67 65  0 60 66 61 68  0  0 70 69  0 76 77 74 72 71 79 80  0  0  0 78 81  5  1 10 12  7  9  0 11  0  6  0  0  0 19 15 16 17 20 23 18
  0 21 19 15  0 23 16 22 18 28 26  0  0 24 29 25 31 32 34  0  0  0 36 37 39 41  0  0 49 44  0  0  0  0 46  0  0 58  0 55  0  0  0 59  0 64 61  0  0 67 68  0 63 62 70 71 75 76  0 69 72 77 73  1  3  0  0 80  2  4 78  5 13 12 10  6  7  8  0 14  9
  0  0 55  0  0 59 52 58 54 64 62 66  0 60 65  0 67 68 70 69 71  0 72  0 75 77  0  0  4 80  0 79  0  5  1  2  0  0 11  0  6 12  7 14  9 19  0  0  0 22 23  0 18  0  0 26 30 31  0 24  0 32 28 37 39 34 36 35  0 40 33 41 49 48 46  0  0 44  0 50 45
  0 75 73 69  0 77 70 76  0  1  0  3  0 78  2 79  0  0  7  0  0 13  9  0 12 14  0 21  0 17 18 16 15 23 19 20 26 31 29 28 24  0  0  0 27  0 34 33 39 40 41 38  0 35 43 44 48 49 47 42  0 50 46  0  0  0 54 53  0  0 51 59 67 66 64  0 61 62  0 68 63
  0 66 64 60 62 68 61  0  0 73 71 75  0 69 74 70 76  0 79 78 80  4 81  1  3  5  2 12 13  0  9  7  0  0  0 11 17 22 20 19 15 21  0 23 18  0 25  0 30 31 32 29  0 26 34 35 39 40 38 33 36 41 37  0  0 43 45 44 47 49 42 50 58  0  0  0  0  0  0  0 54
 66 67  0 61  0  0 62 68 64  0 72 76  0 70  0 71 77 78  0 79 81  5  1  2  4  0  3 13  0  9  0  8  7 15 11 12 18 23  0  0 16 22  0 24  0 29 26 25 31  0 33 30 28 27 35  0  0  0 39  0  0  0  0 47  0 44  0 45  0 50  0 51 59 58  0 52  0 54 57 60 55
 39  0  0 34 36 42  0  0 37  0  0  0 46 43 48  0  0  0 53  0 54 59  0 56 58 60 57 67  0  0 64  0 61 69 65 66 72  0 75 74 70 76 71 78 73  0  0 79  4  5  6  3  1  0  8  0  0 14 12  0 10  0  0 20 22  0  0 18 21 23 16 24 32 31 29  0  0 27 30  0  0
  0 49 47 43  0 51  0  0 46 56 54  0 55 52 57 53 59 60 62  0 63 68 64 65 67 69 66 76 77  0  0  0 70 78  0  0  0  5  0  0 79  0 80  6  1 11  0  7  0 14 15 12  0  9 17 18 22  0  0 16 19 24 20 29  0 26  0  0 30  0 25 33 41  0  0  0 35  0 39 42 37
  0  4  2 79 81  6 80  0  1 11  9 13 10  7  0  8 14  0 17 16  0  0  0 20 22 24 21  0 32 27  0 26 25 33  0  0 36 41 39 38 34 40 35 42 37 47  0  0 49 50  0  0 46  0 53 54 58  0 57 52 55 60 56 65 67  0 64  0 66 68 61 69  0 76 74 70 71 72 75 78 73
  0  0 29 25 27 33 26 32 28 38  0 40 37  0  0 35  0 42 44 43 45  0 46 47  0 51 48  0  0 54  0 53  0 60  0 57 63 68 66 65 61 67 62 69  0 74 71 70 76 77 78  0  0 72 80  0  4  5  0 79  1  0  2  0 13  8 10  9  0  0  7 15  0 22 20  0 17 18 21 24 19
  0  0  0  7  9  0  0  0  0  0  0 22  0  0  0 17 23 24  0 25  0 32 28 29 31 33 30 40 41 36 37 35 34 42 38  0 45 50 48 47 43 49 44 51 46  0 53 52 58 59 60  0 55  0 62 63  0 68 66  0  0 69 65 74 76 71  0 72 75 77  0 78  5  4  0 79  0 81  0  6  0
 21 22 20 16  0 24 17  0 19 29  0 31 28  0 30 26  0  0 35 34  0  0 37  0 40 42  0  0  0 45 46 44 43  0 47 48 54 59 57  0 52 58 53 60 55  0 62 61  0  0 69  0  0  0 71  0 76  0 75 70  0  0  0  2  4 80  0 81  3  0 79  6 14  0 11  0  8  9 12 15 10
 57  0 56 52 54  0 53 59  0 65 63 67 64 61 66 62 68 69 71 70 72 77 73 74 76 78 75  4  0 81  0 80 79  6  2  3  9  0 12 11  7 13  8 15 10  0 17 16 22 23 24  0 19  0 26  0 31 32 30  0 28 33 29 38 40 35 37 36 39  0 34  0 50 49  0 43 44 45  0 51 46
 75 76  0 70 72 78 71  0 73  0 81  4  1 79  3 80  0  0  8  7  0 14 10  0 13  0 12 22 23  0 19 17 16 24 20 21 27 32  0 29 25  0 26 33 28 38 35 34  0 41 42  0 37 36 44  0  0 50 48 43 46 51 47  0 58 53  0  0 57  0  0 60 68 67 65  0  0  0 66 69 64
 31 32  0 26 28 34 27 33  0 39  0 41  0 35 40 36 42  0 45  0 46 51  0  0  0 52 49  0  0 55 56 54 53 61 57  0  0 69 67 66  0 68 63 70 65  0 72  0 77  0 79 76 74 73 81  1  5  6  0 80  2  0  3  0  0  0 11  0 13 15  8 16 24 23 21 17 18 19 22  0 20
 58  0  0  0 55 61 54 60 56 66 64  0 65 62 67 63  0 70  0 71 73 78  0 75  0 79 76  0  6  0  2 81  0  0  3  0 10  0  0  0  8  0  0  0 11  0 18 17 23  0 25  0 20  0 27  0 32 33 31  0  0 34  0 39  0 36  0 37 40  0 35  0 51 50 48  0 45  0 49 52  0
  0 68 66 62 64 70  0  0 65 75 73 77 74 71 76  0 78 79 81 80  1  6  0  3  0  7  4 14 15 10 11  0  8  0 12  0 19 24  0 21  0  0 18  0  0  0  0  0 32 33  0 31  0 28  0  0 41 42  0  0 38 43 39 48  0 45 47 46  0 51 44 52 60  0  0  0 54  0 58 61 56
 76 77 75 71  0 79 72 78  0  3  1  5  2 80  4 81  6  7  9  8 10 15 11  0  0 16  0  0 24 19 20 18 17 25 21  0 28 33 31 30  0 32  0  0 29 39 36  0  0  0  0 40  0 37 45 46  0  0  0 44  0  0  0  0 59 54 56  0 58  0 53  0 69  0 66  0  0 64 67 70 65
  4  0  3 80  0  0 81  0  2 12 10 14 11  8 13  9 15 16  0  0  0 24 20 21 23  0 22 32 33  0 29  0  0 34 30  0 37 42 40  0  0 41 36  0 38 48  0 44  0  0 52 49  0 46 54 55 59 60  0 53 56 61 57 66  0 63 65 64  0 69 62  0 78  0 75 71  0 73 76 79 74
 49 50  0 44 46 52  0  0 47 57 55  0  0 53  0 54 60  0 63 62  0 69 65 66 68 70 67  0 78  0 74 72  0  0 75 76  1  6  4  0 80  5 81  7  2 12  0  8 14 15 16 13 11  0  0 19  0 24  0  0  0 25 21 30  0 27  0 28 31 33 26 34  0 41  0 35  0 37  0 43 38
 22  0 21 17  0  0 18 24 20 30  0 32  0 26 31 27 33 34  0  0 37  0 38 39 41 43 40 50 51 46  0  0 44 52 48 49  0 60  0 57  0 59 54 61 56  0 63 62  0 69 70 67  0 64 72 73 77 78 76 71  0  0  0  3  5  0  2  1  0  6 80  7  0 14  0  8  9 10 13 16  0
  0 14 12  0 10  0  0  0 11 21 19 23 20  0 22 18 24 25 27  0  0  0 29 30 32 34 31 41  0 37 38 36 35  0  0 40 46  0 49  0 44 50 45  0 47 57  0  0 59  0 61 58 56 55 63  0 68  0 67 62  0 70  0 75  0  0  0  0 76 78  0 79  0  0  0 80 81  1  4  7  2
 40 41  0 35 37  0  0  0 38 48  0  0  0 44 49 45 51 52 54 53 55 60 56 57 59  0  0 68  0  0 65 63  0 70 66 67 73 78 76 75 71 77 72  0 74  3  0 80  5  0  7  4  2  0  0 10 14 15 13  8  0 16 12  0 23 18  0 19 22 24  0 25  0  0 30 26 27  0  0 34 29
 77  0  0 72 74 80 73  0  0  4  0  0  0  0  0  1  7  0  0  9 11 16 12 13  0 17 14 24 25 20 21 19  0 26 22 23  0 34 32 31  0 33  0 35 30  0 37 36 42 43  0 41 39 38 46 47 51 52  0 45 48 53 49 58 60  0 57 56  0 61  0  0 70 69 67 63 64 65  0 71 66
 41 42 40 36 38 44  0 43 39  0 47  0  0 45 50  0 52 53 55 54 56 61 57 58 60  0 59 69 70 65 66  0 63 71 67  0 74 79 77  0  0 78 73  0 75  0  1  0  0  7  8  5  3  2 10 11 15 16 14  0  0  0 13  0 24 19  0  0 23  0  0 26  0 33 31  0 28  0 32 35 30
 50  0 49 45 47 53  0  0 48 58  0 60 57  0 59  0 61  0  0 63 65 70 66 67  0  0 68 78 79 74 75 73 72 80  0 77  2  0  5  0 81  0  1  8  0  0  0  9 15 16  0 14  0 11 19 20  0 25 23 18 21 26 22 31 33 28 30  0 32 34 27 35 43 42  0 36 37  0 41 44 39
 14  0  0  0 11  0  0  0  0 22 20 24  0  0 23 19  0 26  0  0 29  0  0 31 33 35  0 42  0  0 39 37  0 44 40  0 47 52  0 49  0 51 46 53 48  0  0 54 60 61 62 59  0  0  0 65 69 70 68 63 66  0 67 76  0  0 75 74 77  0 72 80  0  0  4  0  1  2  0  8  3
 23 24 22 18 20  0  0 25 21 31 29  0 30  0 32  0 34 35 37  0 38  0 39 40 42 44 41  0  0 47  0  0 45 53 49 50 56 61 59 58 54 60 55  0  0  0 64 63 69 70 71  0 66  0 73 74 78 79 77  0  0 80 76  0  6  1  3  2  0  7 81  8 16  0  0  0 10 11 14  0 12
  0 69  0 63 65  0 64 70 66 76  0 78 75  0 77 73 79 80  1  0  2  7  3  0  0  8  5 15 16 11 12 10  9 17 13 14 20  0 23 22 18  0  0 26  0 31 28 27 33 34 35 32 30 29 37  0 42  0 41  0  0 44 40 49 51  0 48 47  0 52 45 53  0 60 58 54  0 56 59 62 57
  0 33 31  0 29 35 28 34  0  0 38 42 39 36 41  0 43 44 46 45 47 52 48  0  0  0 50 60 61 56 57 55 54  0 58  0 65 70  0  0 63 69  0  0 66 76  0 72 78  0 80  0 75 74  1  2  0  0  5 81  3  0  4 13 15 10  0 11 14  0  9 17  0  0  0  0 19 20  0  0 21
 59 60 58 54  0 62 55 61 57  0  0  0 66 63  0  0 70 71 73 72 74 79  0  0 78  0 77  0  7  2  3  0  0  8  0  0 11  0 14 13  0 15  0 17 12 22 19 18  0  0 26  0 21 20  0 29  0  0  0  0 30 35 31 40 42  0 39 38 41  0 36  0  0  0 49 45 46 47 50  0 48
  5  0  4  0  0  8  0  7  3 13 11 15 12  0 14 10  0 17 19  0 20  0 21 22 24  0 23 33  0  0 30 28  0 35 31 32 38  0 41 40 36  0 37  0 39  0 46  0 51 52 53  0 48 47  0 56  0 61 59 54  0 62 58 67 69 64 66 65 68  0  0  0 79  0 76  0  0 74 77 80  0
