9
  0 10  0 14 15 17 11 16 18 27  0  0 21 25 26  0 22 24 31 33 34 29 28 30 36  0 32 42 39 44  0 45 40  0 41 43 53 48 49 54 46  0 50 47 52 55 62 59 57  0 58 63 60 56  0 64  0 68 67 72 70 66 65 73 80  0 77  0 81 76 75 74  5  4  2  6  9  0  0  0  8
  0  0 48 50 51 53 47  0 54 63 55  0  0 61 62  0 58 60 67 69 70 65 64 66 72 71 68 78 75 80 74  0 76 73 77 79  8  3  0  9  1  6  0  2  0 10 17 14 12  0  0  0 15 11 24  0 26  0  0 27  0  0 20 28 35 34 32 33 36  0  0 29  0 40 38 42 45 37 43 39 44
 76  0 75 77 78 80 74  0 81  9  0  2  0  7  8  5  0  6 13 15 16 11 10 12 18 17 14 24 21 26 20 27 22 19 23 25 35  0 31 36 28 33 32 29 34  0 44 41 39  0 40 45  0 38 51 46  0 50 49 54  0 48 47  0 62 61 59 60 63 58 57 56 68 67  0 69 72 64 70 66 71
 40 37 39 41  0 44  0 43 45 54 46 47 48 52 53 50  0 51 58  0 61  0 55 57  0 62 59 69 66 71 65 72 67 64 68 70 80 75 76 81  0  0 77 74 79  1  8  5  3  7  4  9  0  2 15 10 17 14 13 18 16 12 11 19 26 25 23 24  0 22 21 20  0 31 29  0 36 28 34  0 35
 67 64 66 68 69 71 65 70 72 81 73 74  0  0 80 77 76  0  0  6  7  2  1  3  0  8  0  0  0 17 11 18 13 10  0 16 26 21 22 27  0 24  0 20 25 28  0 32 30  0 31 36  0 29  0 37 44  0 40 45  0 39 38 46 53 52 50 51  0 49 48 47 59  0  0  0 63 55 61 57  0
 31  0 30  0  0 35 29 34  0 45 37 38  0 43  0 41  0 42 49  0 52 47  0 48  0 53 50 60  0  0 56  0  0  0 59 61 71 66 67 72 64  0 68 65  0 73 80 77  0 79 76 81 78 74  6  1  0  0  4  9  7  0  0  0  0 16 14 15 18  0 12 11  0  0 20 24  0 19  0 21  0
  0 55 57 59 60  0 56 61 63  0 64 65 66 70 71 68 67  0 76 78 79 74  0  0 81 80 77  6  3  8  2  9  4  1  5  7 17 12  0 18 10  0 14 11 16 19 26  0 21 25 22 27  0 20  0  0 35  0 31 36 34 30 29 37 44  0 41 42 45 40  0  0 50 49 47 51 54  0 52 48  0
  0  0  3  0  6  8  2  7  9  0 10 11 12 16 17 14  0 15  0 24 25 20 19  0 27 26 23 33 30 35 29 36 31 28 32  0  0  0 40 45 37 42 41  0 43 46 53  0 48 52 49 54 51 47 60  0  0  0  0 63 61  0 56 64 71 70 68 69 72 67 66 65 77 76 74  0 81 73 79 75 80
  0 19 21 23 24 26 20 25  0 36 28  0 30 34  0 32 31 33 40  0 43 38 37 39 45 44  0 51  0 53  0 54 49 46 50 52 62 57 58 63 55 60 59 56 61 64 71 68 66 70 67 72 69 65 78 73 80  0 76 81 79  0 74  0  8  7  0  6  9  4  3  2  0 13 11 15 18 10 16 12 17
  0 11 13 15 16  0  0 17  0 28 20 21  0 26 27  0 23 25 32 34 35 30 29  0  0 36  0 43  0 45  0 46 41 38  0  0 54 49 50  0  0 52 51 48 53 56  0 60 58  0  0 64 61 57 70 65 72 69 68 73 71 67 66 74 81 80 78  0  1 77 76 75  6  0  3  7 10  2  0  4  9
 41 38 40 42 43 45 39 44 46 55 47 48 49  0  0  0 50 52 59 61  0 57 56  0 64 63  0 70 67 72 66  0 68  0 69 71 81 76 77  1  0  0  0 75 80  2  9  0  4  8  5 10  7  3  0 11  0  0 14  0 17  0  0 20  0  0 24  0 28 23 22 21 33  0 30 34 37 29 35 31 36
 32 29 31  0 34 36 30  0 37 46 38  0 40 44  0 42 41 43  0 52 53 48  0 49 55 54 51 61 58 63 57 64  0  0 60  0 72 67 68 73 65 70 69 66 71 74 81 78 76 80  0  0 79  0  7  2  9  6  5 10  8  4  3  0 18 17 15 16  0 14 13 12 24 23  0 25  0 20  0 22 27
 59 56 58 60 61 63 57 62  0 73 65 66 67  0 72 69 68  0 77 79 80 75 74  0  1 81 78  7  0  0  3 10  5  2  6  0  0 13 14 19 11  0  0 12 17 20 27 24 22  0 23 28 25 21 34 29  0 33 32  0 35  0 30  0 45 44  0 43 46  0 40 39 51 50 48 52  0 47 53 49 54
  0 74 76 78  0 81 75  0  1 10  2  3  4  8  0  0  5  7  0 16 17 12 11 13 19 18 15  0 22 27 21 28 23  0 24 26 36 31  0 37 29 34 33 30  0 38 45  0 40 44 41 46 43  0  0  0 54 51 50 55 53 49 48 56 63 62 60 61 64 59 58 57 69  0  0 70  0 65 71 67 72
 68  0 67 69 70 72  0  0 73  0  0 75 76 80 81 78 77 79  0  7  8  3  2  4 10  9  6 16 13 18 12 19 14 11 15  0 27 22  0 28  0 25 24  0 26 29 36 33 31 35  0 37 34 30  0 38 45  0 41 46 44  0  0 47  0 53 51  0 55  0 49 48 60  0 57 61 64  0 62 58  0
  5  2  4  6  7  9  3  8 10 19 11 12 13 17 18 15  0  0  0 25 26 21 20 22 28  0 24 34  0 36 30 37 32  0  0 35 45  0 41 46 38 43 42  0 44 47 54 51 49  0 50 55  0 48  0  0  0 60 59  0 62 58 57 65 72 71 69  0 73 68  0 66 78 77 75 79  1  0 80 76 81
 23 20 22 24 25 27 21 26 28 37 29 30  0 35 36 33 32  0 41 43 44  0  0 40 46 45  0  0 49  0 48  0 50  0 51 53 63 58  0  0  0  0 60 57  0  0 72 69 67  0 68 73  0 66 79 74 81 78 77  0  0 76  0  2  9  0  6  7 10  5  4  3  0 14 12 16  0 11 17 13 18
 50 47 49  0 52 54 48  0  0 64 56 57 58  0 63 60 59 61 68 70 71  0  0 67 73 72 69 79 76 81 75  1 77  0 78 80  9  4  0 10  2  7  6  3  0 11 18  0  0 17 14 19  0  0 25 20 27 24 23 28 26 22 21 29 36  0 33  0 37 32 31 30 42  0  0  0 46  0 44 40 45
 60  0 59 61  0 64 58 63 65 74 66  0 68 72 73 70 69 71 78 80 81 76  0 77  2  0  0  8  5 10  4 11  6  3  7  9 19 14 15  0 12  0 16 13 18 21 28 25 23 27  0 29 26 22 35 30 37 34 33 38 36 32 31 39  0 45 43 44 47 42 41 40 52 51 49 53  0  0  0 50 55
 69 66  0  0 71 73 67 72 74  2  0  0 77 81  1 79 78  0  6  8  9  4  0  5 11  0  7  0 14 19  0  0  0  0  0 18 28 23 24 29  0 26  0 22  0  0 37 34 32 36 33 38 35 31 44  0  0 43 42  0 45  0 40  0  0 54 52  0 56 51 50 49  0 60  0 62  0  0 63 59 64
 24 21 23  0  0 28 22 27 29 38 30 31 32  0 37 34  0 35 42  0  0  0 39  0 47 46 43 53 50  0 49 56 51 48 52 54  0 59  0 65  0 62 61 58 63 66 73 70 68 72  0 74 71 67  0  0  0 79  0  2 81 77 76  3 10  9  7  8 11  6  0  4 16 15 13  0 20 12 18  0 19
  0 75  0  0 80  1 76 81  2 11  3  4  5  9 10  7  6  8 15 17 18 13 12 14 20  0 16  0 23 28 22 29 24 21  0 27 37 32 33 38 30 35 34 31 36 39 46 43  0 45 42 47 44 40 53  0 55 52 51  0 54 50 49 57 64  0 61 62  0  0 59  0 70 69 67  0 74 66 72 68 73
  0  0 50 52  0 55 49  0  0 65 57 58 59 63 64  0 60 62 69  0 72  0 66  0  0 73  0 80 77  1  0  2 78 75 79 81 10  5  6 11  0  8  0  4  0 12 19 16 14  0 15 20 17 13 26 21 28 25 24 29 27  0 22  0  0 36 34 35 38 33 32 31 43 42 40  0 47 39 45  0 46
  6  3  5  7  0 10  4  9 11 20 12 13 14 18 19 16 15 17 24  0 27 22 21 23 29 28 25 35 32 37  0 38 33 30 34 36 46 41  0 47 39 44 43 40  0 48 55 52 50 54  0 56  0 49 62  0 64 61  0  0 63 59  0 66  0 72 70 71 74  0 68 67 79 78 76 80  2  0 81  0  1
 15 12 14 16 17 19  0 18 20 29 21 22 23 27  0 25 24  0 33 35 36 31 30  0 38 37 34 44 41  0 40 47 42 39  0 45 55 50  0 56 48 53  0 49 54 57 64  0  0  0 60 65 62 58 71 66 73 70  0  0 72 68 67 75  1 81 79  0  2 78  0 76  7  6  4  8 11  3  9  5 10
 42 39 41  0 44 46 40 45 47  0 48 49 50 54 55 52  0 53 60 62  0  0 57 59 65  0 61 71 68  0 67 74 69  0 70 72  1 77 78  2 75 80  0  0 81  3  0  7  5  9  6 11  8  0 17  0 19 16 15 20  0 14 13 21 28 27 25  0 29 24  0 22 34 33  0 35 38  0 36 32 37
 33 30 32 34 35 37  0 36 38 47  0 40  0 45 46  0  0 44 51 53 54 49 48  0 56 55 52  0 59 64 58 65  0  0 61 63 73 68 69 74 66 71 70 67 72  0  1 79 77 81 78  2  0 76  8  0 10  7  6 11  9  5  4 12  0 18 16  0 20  0 14 13 25 24 22  0 29  0 27  0 28
  7  4  6  8  9 11  0 10 12 21 13  0 15 19 20  0  0 18 25 27 28 23  0 24 30  0  0 36 33  0  0 39  0 31 35 37 47 42 43 48 40 45 44 41  0 49 56 53  0 55 52  0 54 50 63 58 65  0 61  0 64 60 59  0  0  0  0 72 75 70 69 68 80 79  0  0  3 76  1 78  0
  0  0 42 44 45 47 41  0 48 57 49 50  0 55 56 53  0  0 61 63 64  0 58 60  0 65 62  0 69  0 68 75 70 67 71 73  2  0 79  3  0 81  0 77  0  4 11  0  0 10  0 12  9  5 18  0 20 17 16 21 19 15 14  0 29 28 26 27  0  0 24 23 35 34 32 36 39 31 37 33 38
 61  0 60  0  0 65 59 64 66 75 67 68 69 73 74 71 70 72 79  0  1 77 76 78  3  0  0  9  6  0  0 12  7  4  0 10 20 15 16  0 13 18  0 14 19 22 29 26 24 28 25  0 27  0 36  0 38  0 34 39  0 33 32 40 47 46  0 45 48 43 42  0 53 52  0 54 57 49 55 51 56
  0 67  0 71  0 74  0 73 75  0  0 77 78  0  2 80 79  0  7  9  0  0  4  6 12 11  8 18 15 20 14 21 16 13 17  0  0  0 25 30  0 27 26  0 28 31 38 35 33 37 34 39 36 32 45 40 47  0  0 48 46 42  0 49 56  0 53 54 57  0 51 50 62  0 59 63 66 58  0 60 65
  0 31 33 35 36  0 32 37 39 48  0  0  0 46 47 44  0  0 52 54 55 50 49 51 57 56 53  0 60 65 59 66 61 58 62 64 74 69 70 75 67 72 71 68 73 76  2 80 78  1 79  3 81 77  9  4 11  8  7 12 10  6  5  0 20 19 17 18 21 16 15 14 26 25 23  0 30 22 28  0 29
 16 13  0 17 18 20  0  0  0  0  0 23 24 28 29  0 25 27 34 36  0  0 31 33  0 38  0 45 42 47 41 48 43  0 44 46 56 51 52 57 49 54  0 50  0  0  0 62 60 64 61 66 63 59 72 67  0 71 70  0 73 69 68 76  2  1 80 81  0 79 78  0  8  0  5  9 12  4  0  0 11
 52 49  0 53 54 56  0 55 57 66  0 59  0 64 65  0 61  0 70 72  0  0 67 69  0 74 71 81 78  2 77  3 79 76 80  1 11  6  7 12  4  0  8  5 10 13 20 17 15  0  0 21 18 14 27 22 29 26 25 30 28  0 23 31 38 37 35  0 39 34 33 32 44 43 41 45  0 40 46 42  0
 79 76 78 80 81  2 77  1  3 12  4  5  6 10 11  8  7  9 16 18 19 14 13 15 21 20 17  0 24  0 23  0 25 22 26 28  0 33 34 39 31  0 35 32 37 40 47 44  0 46  0  0 45 41 54 49  0  0 52 57  0  0 50 58  0 64  0  0 66 61 60 59 71 70  0  0 75  0 73 69 74
  0 22 24 26 27 29 23 28  0  0 31  0 33 37  0 35 34  0 43 45 46 41 40  0 48 47  0 54 51  0 50  0 52 49 53  0 65 60  0 66 58 63 62  0 64  0  0 71  0  0 70 75 72 68 81 76  2  0 79  3  1 78 77  4 11 10  8  9  0  7  6  5 17 16 14  0 21 13 19 15 20
  8  5  7  9  0 12  6 11  0 22  0 15 16  0 21 18 17 19 26 28 29 24  0  0  0  0 27  0  0 39 33 40 35 32 36 38 48 43 44 49 41 46 45 42 47 50 57 54 52 56 53 58 55 51 64 59 66 63 62 67  0 61 60  0 75  0 72 73 76 71 70 69 81 80 78  1  4 77  2 79  3
 17 14 16  0 19 21 15 20 22 31 23 24  0 29  0 27 26 28 35 37 38 33  0 34 40 39 36 46 43  0 42 49 44 41 45  0 57 52 53  0 50 55 54 51 56 59 66 63 61 65 62  0  0  0 73 68 75  0 71 76 74 70 69 77  3  2 81  1  0 80 79 78  9  8  6 10 13  5 11  7 12
  0  0  0  0 28  0 24 29  0 40 32 33 34 38 39 36 35 37 44 46 47 42 41 43 49 48 45  0 52 57 51 58 53 50 54 56 66 61 62  0  0 64  0  0 65 68 75 72  0 74 71  0  0 69  1 77  3 81 80  4  2  0 78  5 12 11  9  0 13  0  7  6 18 17  0 19 22 14 20  0 21
 80 77 79 81  1  3 78  0  0 13  5  6  7 11 12  9  8 10  0 19 20 15 14 16  0 21 18 28 25  0  0  0 26 23 27 29 39 34  0 40 32 37 36 33  0  0 48 45 43 47 44 49 46 42 55 50  0 54  0 58  0 52 51  0 66 65 63  0 67 62 61 60 72 71 69 73 76 68 74 70 75
 62 59 61  0 64 66 60  0 67 76 68 69 70 74 75 72  0 73  0  1  0 78 77 79  4  0 81  0  0 12  6 13  0  5  9 11 21 16 17 22 14 19 18  0 20 23 30 27 25 29 26  0 28 24 37 32 39 36 35 40 38  0 33 41 48 47  0 46 49 44 43 42 54 53 51 55 58 50 56  0 57
  0  0 70 72 73  0 69  0  0  4 77 78 79  2  3 81 80  1  8 10  0  6  5  7  0  0  9 19 16 21 15 22 17  0 18  0 30 25  0 31 23 28  0 24 29 32 39 36  0 38 35  0 37  0 46 41 48  0  0 49 47  0  0  0 57 56 54 55  0 53  0 51 63 62 60 64  0 59 65 61 66
 35 32 34 36 37 39 33 38 40 49 41  0 43  0 48 45 44 46 53 55 56  0 50 52 58 57 54 64 61 66 60 67 62 59 63 65 75  0  0 76 68 73 72 69 74  0  3  0 79  2 80  4  0 78 10  5 12  9  8 13 11  7  6 14 21 20  0  0 22 17 16 15 27 26 24 28 31 23 29 25 30
 53 50 52  0 55  0  0 56 58 67 59 60  0 65  0 63 62  0  0 73  0 69 68 70 76 75  0  1 79  0 78  4 80 77 81  2 12  7  8 13  0 10  9  6 11 14  0 18  0  0 17 22 19 15 28 23 30  0 26  0 29 25 24 32 39  0 36  0  0 35 34  0 45  0 42 46  0 41 47 43 48
 44 41 43 45  0  0 42 47 49  0 50 51 52  0 57 54 53 55  0 64 65 60 59 61 67 66 63 73 70 75 69 76 71 68 72  0  3  0 80  4 77  1 81 78  0  5 12  9  7 11  8 13  0  6  0 14 21 18  0 22 20 16  0  0 30 29 27 28  0 26 25 24  0 35 33 37 40 32 38  0  0
 18 15 17 19  0 22 16 21 23 32 24 25 26 30 31 28  0 29 36 38 39 34  0 35 41 40 37  0 44 49  0  0  0  0 46  0 58  0  0 59  0  0 55 52  0  0 67 64 62  0 63 68  0 61  0 69 76 73 72 77 75 71 70 78  4  3  1  2  5  0 80 79 10  9  7  0 14  6 12  8 13
 54 51  0 55  0 58 52 57 59 68 60 61 62 66 67 64  0 65 72  0 75 70 69 71 77  0 73  2 80  4 79  5  0 78  1  0  0  0  9 14  6 11 10  7 12  0 22 19  0  0 18 23 20  0  0 24 31 28  0 32 30 26  0 33 40 39 37 38 41 36 35 34 46 45  0  0 50  0 48 44 49
  9  6  8 10 11  0  0 12 14 23 15 16  0  0 22 19 18  0 27  0 30  0 24 26  0  0 28 38  0 40 34 41  0 33  0  0 49 44  0 50  0 47 46 43 48 51 58 55 53  0  0 59 56  0 65 60 67 64  0 68 66 62  0 69 76 75  0 74 77 72 71 70  0  0 79  0  5 78  3 80  4
  0 33 35 37 38 40 34 39 41 50  0  0 44 48 49 46 45 47 54 56  0  0  0 53  0 58  0  0 62 67 61  0 63  0 64 66 76  0  0 77 69  0  0 70 75 78  4  1  0  3 81  0  0 79 11  6 13 10  9 14  0  8  7 15 22 21 19 20 23 18 17 16 28 27 25 29 32 24 30 26 31
 45 42 44 46 47 49  0 48  0 59 51 52 53 57 58 55 54 56 63 65  0  0 60 62 68 67 64 74  0  0 70 77 72 69 73 75  0 80 81  5 78  2  1 79  3  0 13 10  8 12  9 14 11  7 20  0 22 19  0 23 21 17 16  0 31  0 28  0  0  0 26 25 37 36 34  0 41 33 39 35 40
  0 60 62 64 65  0 61 66 68  0 69 70 71 75 76 73 72 74 81  2  3 79 78 80  5  4  1 11  0 13  7  0  9  0  0 12 22 17 18 23 15 20 19  0 21  0 31 28 26 30 27 32 29 25 38 33 40 37 36 41 39 35 34 42 49  0 46 47 50 45 44 43 55 54  0 56  0  0 57  0 58
 81 78  0  1  2  4 79  3  5 14  0  7  8  0  0 10  0 11 18 20 21 16  0 17 23 22 19  0  0  0 25 32 27 24 28 30 40 35  0  0 33 38  0 34 39 42 49  0 44 48 45 50  0  0  0 51  0 55  0  0 57 53  0 60 67 66 64 65 68 63 62 61 73 72 70 74 77 69  0  0 76
  0 69  0 73  0 76 70 75 77  0 78 79  0  3  0  1  0  2  9  0 12  7  6  0 14 13 10 20 17  0 16 23 18 15 19 21 31 26 27 32 24 29 28 25  0 33 40  0 35 39  0 41 38 34 47 42 49 46  0 50 48 44 43 51  0  0 55  0 59 54 53  0 64 63 61  0 68  0 66 62 67
 27 24  0 28 29 31 25 30 32 41  0  0 35 39  0 37 36  0 45 47  0 43 42 44  0  0  0 56  0 58 52 59  0 51 55  0 67  0  0 68 60 65  0 61 66 69 76  0 71  0 72 77 74 70  0 78  0  1 81  5  0 80 79  6  0 12 10 11  0  9  8  7 19 18 16 20 23 15  0 17  0
 46 43  0 47  0  0 44 49 51 60 52 53 54  0 59 56 55 57 64 66 67 62  0 63 69 68 65  0  0 77  0 78  0 70  0 76  5  0  1  6 79  0  0 80  0  7 14 11  9 13  0 15 12  0  0 16  0 20 19 24 22 18 17 25  0 31 29 30 33  0  0 26  0 37 35 39 42 34  0  0 41
  1 79 81  2  0  5 80  4  6  0  7  8  9 13 14 11 10  0 19 21 22 17 16 18 24 23 20  0 27 32 26 33  0 25 29 31 41 36 37 42 34 39 38 35 40  0 50 47  0 49 46 51 48 44 57 52  0 56 55 60 58 54 53 61 68 67 65 66 69 64  0  0 74 73 71 75 78 70 76 72  0
 73 70 72 74 75  0 71 76 78  0 79 80 81  4  5  2  1  3 10 12 13  8  7  0  0 14  0 21 18 23 17 24 19 16 20 22 32 27 28 33 25  0 29 26  0 34 41 38 36  0 37 42 39 35 48 43 50 47 46 51  0 45 44  0  0 58  0 57 60 55  0 53 65 64  0 66 69  0 67  0 68
 64 61 63  0 66 68 62 67  0 78 70 71 72 76 77 74  0 75  1  3  4  0 79 81  0  5  2 12  9  0  8 15  0  7 11 13 23 18 19 24 16  0  0 17 22 25  0 29 27 31 28 33 30 26 39  0  0  0  0  0 40  0 35  0 50  0 47 48 51  0 45 44  0 55  0 57 60 52 58 54 59
 19 16  0 20 21 23 17 22 24  0 25 26  0 31 32 29 28 30 37  0 40 35 34 36 42  0 38 48 45  0 44  0 46 43 47  0 59 54 55 60 52 57  0 53 58 61 68 65  0 67 64 69 66 62 75 70  0 74  0  0 76 72 71 79  0  4  2  3  6  1 81 80 11 10  8 12 15  0 13  9 14
  0  7  9  0  0  0  8  0  0 24  0 17 18 22 23  0  0 21 28 30 31  0 25 27 33 32 29  0 36 41 35 42 37 34 38 40 50 45 46 51 43 48 47 44 49 52 59  0  0 58 55 60  0 53 66  0 68 65 64 69 67 63 62 70 77 76 74 75 78  0 72 71  2  0  0  0  6 79  4 81  5
 28 25 27 29  0 32 26 31 33 42 34 35 36 40  0 38 37 39 46 48  0 44 43 45 51 50 47 57 54  0 53 60  0 52  0  0 68 63  0 69 61 66 65 62 67 70 77 74 72 76  0 78  0 71  0 79  5  2  1  0  4  0 80  7  0 13  0 12 15 10  9  8 20 19 17 21 24 16 22 18 23
 55 52 54 56 57 59 53 58 60 69 61 62 63 67 68 65 64 66 73 75 76 71 70 72 78 77 74  3 81  5 80  6  0 79  2  4  0  9 10 15  7 12 11  8 13 16 23  0  0 22 19 24 21 17 30  0 32 29 28 33 31 27 26 34  0 40 38 39 42 37 36 35 47 46 44 48 51 43 49 45 50
 37 34 36  0 39  0  0  0 42  0 43 44 45  0 50  0 46 48  0 57 58 53 52 54 60 59 56 66 63  0  0 69 64 61 65 67 77 72 73 78 70 75 74 71 76 79  5  0  0  4  1  6  3  0 12  7 14  0 10  0 13  0  8 16 23 22 20 21 24  0 18  0 29  0  0 30 33  0 31 27 32
 20 17  0 21 22 24 18  0  0 34 26 27 28 32 33 30  0 31 38 40 41  0  0 37 43  0 39 49 46 51  0 52  0 44 48 50 60  0 56 61 53 58 57 54 59 62 69 66 64  0  0 70 67 63 76 71 78 75 74  0 77 73 72 80  6  5  3  0  7  2  1  0  0  0  9 13 16  8 14 10  0
 56  0 55 57 58 60 54 59 61 70 62 63 64 68  0 66 65 67  0 76  0 72 71 73 79 78 75  4  1  6 81  7  2  0  3  0  0 10 11 16  8 13  0  0  0 17  0 21  0 23 20 25  0 18 31  0 33 30  0 34 32  0 27 35  0 41 39 40  0  0 37 36 48  0 45 49 52 44 50  0 51
 47 44 46 48 49  0  0 50 52  0 53 54 55  0 60 57  0  0 65 67 68 63 62 64 70 69 66 76 73 78 72  0 74  0 75  0  6  1  2  7 80  4  0 81  5  8 15 12  0 14 11 16 13  9  0  0 24 21  0 25  0 19 18 26 33 32 30 31 34  0 28 27  0 38  0 40 43 35 41 37 42
 65 62 64 66  0  0  0 68 70 79 71 72 73 77 78 75 74 76  2  4  0 81 80  1  7  6  3  0 10 15  0 16 11  8 12 14 24 19  0  0 17 22 21 18  0  0 33  0 28 32  0 34 31  0  0  0 42 39 38 43 41  0  0 44 51  0 48 49 52 47 46 45 57 56 54 58 61 53  0 55 60
  2 80  0  3  4  0 81  5  0 16  8  9 10 14 15 12 11 13 20 22 23  0  0 19  0 24 21  0  0 33  0 34 29  0 30 32 42 37 38  0  0 40  0 36 41 44 51 48 46  0  0 52 49  0  0 53 60 57 56 61 59 55 54 62 69  0 66  0  0 65 64 63 75 74 72 76 79 71  0 73 78
  0 71  0 75 76 78 72 77 79  7 80 81  1  5  6  3  2  4 11  0 14  9  8 10 16 15 12  0 19 24 18 25 20 17 21  0 33 28 29  0 26 31 30 27 32  0  0 39 37  0 38  0 40 36 49 44  0  0  0 52 50 46 45 53  0 59  0 58  0 56  0 54 66 65 63 67 70 62  0 64 69
 38 35 37  0 40  0  0 41  0 52 44 45  0  0 51 48  0 49 56  0 59 54 53 55  0 60 57 67  0 69 63 70 65  0 66 68 78 73 74 79 71 76 75 72 77 80  0  3  1  5  2  7  4 81 13  8 15 12  0 16 14 10  9  0 24 23 21 22 25  0 19 18 30 29 27  0 34 26  0 28  0
  0 26 28  0 31 33 27 32 34  0 35 36  0 41 42 39  0 40  0 49 50 45  0 46 52 51 48  0 55  0 54 61 56 53 57  0 69  0 65 70  0 67 66 63 68  0  0 75 73 77 74 79 76 72  4 80  6  3  2  7  5  1 81  8 15  0 12 13 16 11  0  9 21 20 18 22 25 17 23 19 24
 11  0 10 12 13  0  9 14  0 25  0 18 19 23 24 21 20 22 29 31 32 27 26  0 34  0 30 40 37  0 36 43 38 35 39 41 51 46 47  0 44 49  0 45 50 53 60 57 55 59 56 61 58 54 67 62 69 66  0 70 68  0 63  0 78  0 75 76 79  0  0  0  0  2 81  4  7 80  0  1  0
 39 36 38 40 41 43  0 42 44 53 45  0 47 51 52  0  0 50 57 59 60 55 54 56  0 61 58  0 65 70  0 71 66 63 67 69 79 74 75  0  0 77  0 73 78 81  7  0  2  0  3  8  5  1 14  0 16 13 12  0 15 11 10  0 25 24  0 23 26  0  0 19 31 30 28 32 35  0 33  0 34
  3  0  0  4  5  7  1  0  8 17  9 10 11 15  0 13 12 14 21 23 24 19  0 20  0  0 22 32 29  0 28 35 30  0 31 33  0 38 39  0 36 41 40 37  0  0 52  0 47 51 48 53  0 46 59 54 61 58  0 62  0 56  0 63 70 69 67 68  0 66 65 64 76 75 73 77 80  0  0 74 79
 21 18 20 22 23 25  0 24 26 35 27  0 29  0 34 31 30 32 39 41 42 37  0 38 44 43 40 50 47  0  0 53  0 45 49  0 61 56  0  0 54 59 58 55 60 63 70  0  0 69 66 71  0 64 77 72 79 76 75 80 78 74 73 81  7  6  0  0  8  3  2  1  0 12 10 14  0  0  0 11 16
 48 45 47 49 50  0  0 51 53 62  0 55 56 60 61 58 57 59 66 68  0 64 63 65  0 70 67 77 74 79 73 80 75 72  0 78  0  2  3  8 81  5  0  1  0  9 16 13 11 15  0  0 14 10 23 18 25 22 21 26  0 20 19 27 34 33 31 32 35 30  0 28 40 39 37 41 44 36 42  0 43
  0  0 11  0 14  0  0  0  0 26  0 19 20 24  0 22  0 23  0  0 33  0 27 29 35  0 31 41  0  0 37 44 39 36 40 42 52 47 48 53 45  0 49 46 51 54 61  0  0 60  0 62 59  0 68 63 70 67 66  0 69 65  0 72  0 78 76 77 80 75 74  0  4  3  1  0  8  0  0  2  0
 57 54 56 58 59 61 55 60 62 71 63  0 65  0 70 67 66  0  0 77 78 73 72 74 80 79  0  0  2  7  1  8  3  0  0  6 16 11 12 17  0 14 13  0 15 18  0 22 20  0 21 26  0 19  0  0  0 31 30 35 33 29 28 36  0 42 40 41  0 39 38  0 49 48 46 50  0 45  0 47  0
  0  0 29 31  0 34 28 33 35 44 36 37 38 42 43  0 39 41 48 50  0 46 45 47  0 52  0 59 56 61 55 62 57 54 58 60 70 65 66  0 63  0 67  0 69 72 79 76 74 78 75 80  0  0  5 81  0  4  3  0  0  2  1  9  0 15 13 14 17 12 11 10  0 21 19 23  0  0  0 20  0
  0 72 74  0 77  0 73  0 80  8  0  1  2  0  7  4  0  0 12 14  0  0  9 11 17 16 13 23 20 25 19 26 21  0 22 24 34 29 30 35 27 32 31 28 33 36 43 40 38 42 39 44 41 37  0 45 52 49 48 53 51 47 46  0 61 60 58  0  0 57 56  0 67 66 64  0 71 63 69 65 70
 66 63 65  0 68 70 64 69 71 80  0 73  0 78 79 76 75 77  3  5  0  1 81  2  8  7  4 14 11 16 10 17 12  9 13 15  0 20  0 26 18 23 22  0  0 27 34 31 29 33 30 35 32 28 41  0  0 40 39 44 42  0 37 45 52 51 49  0 53 48 47  0 58 57 55 59 62 54 60 56 61
