5
  0 23 18  0 15 20 11  0  5 24 12 19 17  7  0 16  4  0  0  0  0  3 22 21 13
  4 10  6  0 16  9 21  0 22  0 23 18 25 15  1  5 14 20 24 11  7  0  2 12 17
  2  0 12 19 17  0  6  8  0 16  9 21 22 13  3 25  0 23  0  0 24 11 14 20  5
  0  0 20  0  5  0 12 19  2 17 10  6  4 16  0 22  3  9 13 21  0 18  1 23 25
 22  0  0  0 13  0  0  1 25 15  0 11  0  0 14  0  0 12  0 19 10  8  4  6 16
  5 20 11 14 24 12  0  0  0  7  6  0 16 10  0 13 22 21  0  3 23  0 25 18 15
 16  6  8  4 10 21  3 22  0  0 18  1 15  0 25 24  5 11 20 14 12  2 17 19  0
 17 12 19  2  7  6  8  4 16 10  0  3  0  9 22 15 25 18 23  0  0 14  0 11 24
  0 18  0 25  0  0 14  5 24 20  0  0  7 12 17 10 16  8  6  4 21  0 13  3  0
 13 21  0  0  9 18  0 25  0  0 11 14 24  0  5  7  0  0  0  0  6  4 16  8 10
  0 19  2 17  0  8  4 16  0  6  3  0  9 21  0 23 15  1 18 25 11  0  0 14 20
  0  1 25 15 18  0  5 24 20 11  2 17 12 19  7  6 10  0  8 16  3  0  9 22 21
 24  0  0  5  0 19  0 17  7 12  8  4  0  6 16  9 13  3 21 22 18  0 15  0 23
 10  8  0 16  6  3  0 13  9 21  1 25 23 18  0  0 24 14 11  5  0 17  7  2  0
  9  0  0 13 21  0 25 15 23 18 14  5  0 11  0  0  0  2 19  0  8 16 10  4  0
  6  4 16 10  8 22 13  9  0  3 25 15 18  1  0  0 20  5  0  0  2  0  0 17 19
 21 22 13  0  3 25  0 23 18  0  5 24 11  0 20  0 12 17  2  0  4 10  6  0  0
 12  2 17  0 19  4  0 10  6  8 22  0 21  0  9 18 23 25  1  0  0 24 20  5 11
 18 25 15 23  0  5  0  0 11 14 17  7 19  2 12  0  6 16  4 10 22  9 21 13  0
 20 14  0 24 11  2 17  0 12 19  4 16  6  8  0  0  0  0  3 13  1 15 23 25  0
 11  0 24  0  0 17  0 12  0  2 16 10  8  0  6  3 21 13 22  9 25 23 18 15  1
  3 13  9 21 22  0 23 18  0  0  0  0  0  5 11  0  0  7 17 12  0  6  8  0  4
  0  0  0 12  0  0  0  0  8  0 13  9  3  0 21  1  0 15  0 23  5 20 11 24  0
  8 16 10  6  0 13  9 21  3 22 15  0  0  0  0 14 11 24  5 20 17 12  0  7  0
  1 15  0 18  0 24 20 11 14  5  0  0  0 17 19  4  8 10  0  0  0 21  0  9  0
