5
  0  0  0 22 13 15  1 25  0  0  0 14  0  0  0  0 19 12  0  0  6  4  0  8 16
 18  0  0  0 15 24  0  5  0 20 17  0  0  7 12  4  0  0  0  0 21 22  0  3 13
 20  0  0  0  5 17  0  2 12  0  4  0  6 16 10  3 21  9 22  0 23  1  0 18 25
  0  0 19  2 17 16  0  0  6  0 22  3 21 13  9  0  0 23 25  0  0 14  0  0  5
  0 10  0  0 16  0  0 22  0  9 25  1 18 15 23 14 11 20  5 24 12  2  7  0  0
  8  6  4 16  0  0 22  0  3 21 15 25  1  0 18  5  0 11 24  0  0 17 12  2  0
 11 20 14  5 24  0  0  0  0 12 16  0  0 10  6 22  0 21 13  0 18  0 23  0 15
 19 12  2 17  0 10  4 16  8  6  0 22  3  9  0 25  0 18 15 23  0  0  0 14 24
  0  0 25  0  0 20  5 24  0  0  7  0  0 12  0 16  4  0 10  0  3 13 21  0  0
  0 21  0 13  9  0 25  0  0  0 24  5 14  0 11  0  0  0  7  0  0 16  6  4 10
 25  0 15  0 18 11 24 20  0  0 12  0 17 19  2 10  0  0  0  8  0  9  3  0 21
  2 19 17  0  0  6 16  0  4  0  0  0  0 21  3 15 25  1 23 18 14  0  0  0  0
  0  0  5  0  0  0  0  7  0  0  0 16  4  6  8 13  0  3  9  0  0  0 18  0  0
  0  0 13  0 21 18  0 23  0  0  0  0  5  0 14  0  0  2  0 19  4 10  8 16  0
  0  8  0 10  6  0 13  9  0  3 23  0 25 18  1 24  0 14  0 11  0  7  0  0  0
 17  2  0  0  0  0 10  0  0  4 21  9  0  0 22  0  0 25 18  1  0 20  0 24 11
 16  4 10  6  0  3  9  0 13  0 18  0 15  0 25 20  0  0  0  0 17  0  2  0 19
 13 22  0 21  3  0 23 18  0 25 11 20 24  0  5 12  0 17  0  2  0  6  0  0  0
 15 25 23 18  0  0  0 11  0  5  0 12  7  2 17  6 10  0  0  4  0 21  0  9  0
  0 14  0 20 11  0  0 12 17  2  6  0 16  8  4  0  0  0  0  3 25 23  0 15  0
 10 16  6  0  0 22 21  0  9  0  0  0  0  0 15  0  0  0  0  5  7  0  0  0  0
  9 13 21  3 22  0 18  0 23  0  0 11  0  5  0  0 12  0  0 17  0  8  0  6  4
  0  0 12  0  0  0  0  8  0  0  0 21  9  0 13  0 23 15  1  0 24 11  5 20  0
  0  0  0 11  0  0 12  0  0 17  8  6 10  0 16 21  9 13  3 22  0  0 25 23  1
  0  0  0  1  0  0 11 14 20 24  0 19  0 17  0  8  0 10  4  0  9  0  0 21  0
