5
  0  5  0  0 20  2 12 17  0  0  0  6  0 16  0  0  9  3  0 22 18 23  0  0  1
 19 17  0  0  0  0  6 16  0  0  0 21 22 13  3  0 23  0  0  0  0  0  5  0 14
  0 13 22  0  0 25  0 15  0  0  0  0  0  0 14 19 12  0  0  0  8  6  0  0  0
  0  0  0  0  0  0  0  0  0  9 23 18 25 15  1 11  0 14 24  5  0  0  0  7  2
  0  0  0  0  0  0  0 24  0 20 12  0 17  7  0  0  0  0  0  0  3 21 13  0 22
  4  0  0  6  8  0  0  0 22 21 18  1 15  0 25  0 11  0  0 24  2  0  0 12 17
 25  0  0  0  0 24  0 20  5  0  0  0  7  0  0  4  0 16  0 10  0  0  0 21 13
 14  0  0 20 11  0  0  0  0 12  6  0 16 10  0  0 21 22  0 13  0 18  0 23  0
  2  0  0 12 19 16  8 10  0  6  0  3  0  9  0  0 18 25 23 15 14  0 24  0  0
  0  9  0 21  0  0  0  0 25  0  0 14 24  0  5  0  0  0  0  7  4  0 10  6 16
 15  0  0  0 25  0  0 11  0  0  2 17 12 19  0  0  0 10  8  0  0  0 21  3  9
 17  0  0 19  2  0  4  6 16  0  0  0  0 21  0 25  1 15 18 23  0 14  0  0  0
  5  0  0  0  0  7  0  0  0  0  0  4  0  6 16  0  3  0  0  9  0  0  0 18  0
  0  0 10  8  0  9  0  0 13  3  1 25 23 18  0  0 14 24 11  0  0  0  0  0  7
 13 21  0  0  0 23  0 18  0  0  0  5  0  0  0  0  2  0 19  0  0  4  0  8 10
  0  0  0  2 17  0  0  0 10  4 22  0 21  0  9  0 25  0  0 18  0  0 11  0 20
  0  3  0 22 13 18  0  0 23 25  5 24 11  0  0  0 17 12  2  0  0  0  0  0  6
  0 11 20 14  0 12 17  0  0  2  4 16  0  0  0  0  0  0  3  0 15 25  0  0  0
 10  0  6  4 16  0 13  3  9  0 25 15 18  0  0  0  0 20  0  0  0  0 19  2  0
 23  0 18 25 15 11  0  0  0  5 17  7  0  2 12 10  0  6  4  0  9  0  0  0 21
  0  0  1  0  0 14 20  0 11 24  0  0  0 17 19  0 10  0  0  4 21  9  0  0  0
  0 22  3 13  9  0 23  0 18  0  0  0  0  5 11 12  0  0 17  0  6  0  0  0  8
  0  0  0  0  0  8  0  0  0  0 13  9  0  0 21 23 15  0  0  1  0 24  0  5 11
  0  0 11  0  0  0  0  0  0 17 16 10  8  0  6  9  0 21 22  0 23  0  1 25  0
  6  0  0 16  0  0  9 22 21  0 15  0  0  0  0  0  0  0  5  0  0  7  0  0  0
