5
 19 17  0  0  0 16  0  0  0  6  3 21 22 13  0  0  0  0 23  0  0  0  0  5 14
  0 13  0  0 22 15 25  0  0  0 14  0  0  0  0  0  0  0 12 19  6  0  8  0  0
  0  0  0  0  0 24  0 20  0  0  0  0 17  7 12  0  0  0  0  0 21  0  3 13 22
  0  0  0  0  0  0  0  9  0  0  1 18 25 15 23  5 14 24 20 11  0  7  0  0  2
  0  5  0 20  0 17  2  0  0 12  0  6  4 16  0 22  3  0  9  0 23  0 18  0  1
  4  0  6  8 16  0  0 21 22  0 25  1 15  0 18 24  0  0 11  0  0 12  2  0 17
  0  9 21  0  0  0  0  0 25  0  5 14 24  0  0  7  0  0  0  0  0  6  4 10 16
 25  0  0  0  0 20 24  0  5  0  0  0  7  0  0 10 16  0  0  4  0 21  0  0 13
 14  0 20 11  0  0  0 12  0  0  0  0 16 10  6 13 22  0 21  0 18 23  0  0  0
  2  0 12 19  0 10 16  6  0  8  0  3  0  9  0 15 25 23 18  0  0  0 14 24  0
  5  0  0  0  0  0  7  0  0  0 16  4  0  6  0  9 13  0  3  0  0 18  0  0  0
 13 21  0  0  0 18 23  0  0  0  0  5  0  0  0  0  0 19  2  0  4  8  0  0 10
  0  6  8  0 10  0  9  3 13  0  0 25 23 18  1  0 24 11 14  0  0  0  0  0  7
 17  0 19  2  0  6  0  0 16  4  0  0  0 21  0 23 15 18  1 25 14  0  0  0  0
 15  0  0 25  0 11 20  0  0  0  0 17 12 19  2  0 10  8  0  0  0  3  0 21  9
  0  3 22 13  0  0 18 25 23  0  0 24 11  0  5  0 12  2 17  0  0  0  0  0  6
 23  0 25 15 18  0 11  5  0  0 12  7  0  2 17  0  6  4  0 10  0  0  9  0 21
 10  0  4 16  6  3  0  0  9 13  0 15 18  0 25  0 20  0  0  0  0  2  0 19  0
  0  0  2 17  0  0  0  4 10  0  9  0 21  0 22 18  0  0 25  0  0  0  0 11 20
  0 11 14  0 20  0 12  2  0 17  0 16  0  0  4  0  0  3  0  0 25  0 15  0  0
  6  0 16 10  0 22  0  0 21  9  0  0  0  0 15  0  0  5  0  0  7  0  0  0  0
 21 22 13  9  3  0  0  0 18 23 11  0  0  5  0  0  0 17  0 12  0  0  6  0  8
  0  0  0  0  1  0 14 24 11 20 19  0  0 17  0  4  8  0 10  0  9  0 21  0  0
  0  0  0  0 11  0  0 17  0  0  6 10  8  0 16  0 21 22  0  9  0 25 23  1  0
  0  0  0  0  0  0  8  0  0  0 21  9  0  0 13  1  0  0 15 23 24  5  0  0 11
