5
 17 19  0 12  2  0  6  0 16  0 21 13  9  3 22  0  0 23  0 25 11 20 14  0  5
 15  0  0 18  0  0 11 20 24  5  0  7 12  0 17  0  0  0  4  0  3 21 22  0 13
  5  0  0 20  0  0 12  0 17  2  6 16 10  0  4 13 21  9  3 22 18 23  1  0 25
 16  0 10  6  4  0  0  9  0 22 18 15 23  1 25 24 11 20 14  5  0 12  2  7  0
 13  0  0  0 22  1  0  0 15 25 11  0  0 14  0  0 19 12  0  0  8  6  4 10 16
 24 14 20 11  5  0  0 12  0  0  0 10  6  0 16  0  3 21 22 13  0 18  0 23 15
  0 25 18  0  0  5  0  0 20 24  0 12  0  0  7  0  4  0 16 10  0  3 13 21  0
  0  2 12 19 17  4  8  6 10 16  3  9  0 22  0 23  0 18 25 15 14 11  0  0 24
  0  4  6  8 16 22  3 21  0  0  1  0 18 25 15 20  0 11  5 24  2  0 17 12  0
  9  0 21  0 13 25  0  0  0  0 14  0 11  5 24  0  0  0  0  7  4  0 16  6 10
 21 13  0  0  9  0  0  0 18 23  5  0 14  0  0 19  0  2  0  0 16  4 10  8  0
  6 16  8  0 10 13  0  3  0  9 25 18  1  0 23 11  5 14 24  0  0  0  7  0  0
  0  5  0  0  0 17  0 19 12  7  4  6  8 16  0 21  0  3 13  9  0  0  0 18  0
 18 15  0 25  0 24  5  0 11 20 17 19  2  0 12  8  0  0 10  0  0  0  9  3 21
  0 17 19  2  0 16  4  8  6  0  0 21  3  0  9 18 25  1 15 23  0 14  0 11  0
  3  0 22 13 21 23  0 25  0 18 24  0  5 20 11  2  0 17 12  0  0  0  6  0  0
  8 10  4 16  6  9 13 22  3  0 15  0 25  0 18  0  0  5 20  0  0 17  0  2 19
  0  0  2 17 12 10  0  4  0  6  0  0 22  9 21  1  0 25 23 18 24  0 20  0 11
 11 24 14  0 20  0 17  2  0 12 16  8  4  0  6  3  0  0  0  0 15 25 23  0  0
  0 23 25 15 18  0  0  5  0 11  7  2 17 12  0  4 10  0  6  0  9  0 21 22  0
  0 12  0  0  0  0  0  0  0  8  9  0 13 21  3  0 23 15  0  1 20 24 11  5  0
  0  0 15  0  1 11 20 24  5 14  0 17  0 19  0  0  0 10  8  4 21  9  0  0  0
  0  6 16 10  0 21  9  0 22  3  0  0 15  0  0  5  0  0 11  0  0  7  0 17  0
 22 21 13  9  3 18 23  0  0  0  0  5  0 11  0 17 12  0  0  0  6  0  8  0  4
  0  0  0 24 11 12  0 17  2  0 10  0 16  6  8 22  9 13 21  3 23  0  0 25  1
