5
  0 18 23 15  0  5 24 20  0 11 17 19 12  7  0 16  0  4  0  0 21  0 22 13  3
 19 12  0 17  2  0 16  0  8  6 22 21  9 13  3 25  0  0  0 23 20 24 14  5 11
  0  6 10 16  4 22  0  9  0  0 25 18 23 15  1  5 11 14 24 20 12  7  2 17  0
  0  0  0 13 22 25 15  0  1  0  0 11  0  0 14  0 19  0  0 12  6 10  4 16  8
  0 20  0  5  0  2 17  0 19 12  4  6 10 16  0 22 21  3 13  9 23  0  1 25 18
  0  0 21  9 13  0  0  0 25  0 24 14 11  0  5  7  0  0  0  0  8  6 16 10  4
 14 11 20 24  5  0  7 12  0  0 16  0  6 10  0 13  3 22  0 21 18 23 25 15  0
  2 19 12  7 17 16 10  6  4  8  0  3  0  9 22 15  0 25 23 18 11  0  0 24 14
 25  0 18  0  0 24 20  0  5  0  7  0  0 12 17 10  4 16  6  8  3 21 13  0  0
  4  8  6 10 16  0  0 21 22  3 15  1 18  0 25 24 14  5 20 11 19 12 17  0  2
 15 25  1 18  0 20 11  0 24  5 12 17  2 19  7  0 16 10  8  0 22  3  9 21  0
  5  0  0  0 24  7 12 19 17  0  0  4  8  6 16  9 22 13 21  3  0 18  0 23  0
 17  2 19  0  0  0  6  8 16  4  9  0  3 21  0 23 25 15 18  1 14 11  0 20  0
 16  0  8  6 10  9 21  3 13  0 23 25  1 18  0  0  5 24 11 14  2  0  7  0 17
 13  0  0 21  9 23 18  0 15 25  0  5 14 11  0  0  0  0 19  2  4  8 10  0 16
  0 17  2  0 12  6  8  4 10  0 21  0 22  0  9 18  0 23  1 25  5  0 20 11 24
 24  0 14 11 20 12 19  2  0 17  6 16  4  8  0  0 13  0  3  0 25  1 23  0 15
 10 16  4  8  6  0  3 22  9 13 18 15 25  1  0  0  0 20  0  5 17  2  0 19  0
  0 13 22  3 21 18  0 25 23  0 11 24  5  0 20  0  0 12  2 17  0  4  6  0  0
 23 15 25  0 18 11 14  5  0  0 19  7 17  2 12  0 10  6  4 16 13 22 21  0  9
  0 24  0  0 11  0  2 17 12  0  8 10 16  0  6  3  9 21 22 13 15 25 18  1 23
 12  0  0  0  0  8  0  0  0  0  3  9 13  0 21  1 23  0  0 15 24  5 11  0 20
  6 10 16  0  0  3 22 13 21  9  0  0 15  0  0  0  0 11  5 24  7 17  0  0 12
 18  0 15  0  1 14  5 24 11 20  0  0  0 17 19  4  0  8  0 10  9  0  0  0 21
 21  9 13 22  3  0  0  0 18 23  0  0  0  5 11  0 12  0 17  7  0  0  8  4  6
