5
  0 13  0  0 22  0 15  0  1 25 11  5 14  0  0  7 12 19  0  0 16  4  8 10  6
 19 17  0 12  2  6 16 10  8  0 21 22  3  9 13  0 23  0 25  0  5 14 11 24 20
  0 15 23 18  0 11 24 20  0  5 19 17  0 12  7  0  6  0 16  4 13 22  3  0 21
  0  5  0 20  0 12 17  0 19  2  6  4  8 10 16 13  9 21 22  3 25  1 18 15 23
  0 16 10  6  4 21  0  9  0 22 18 25  1 23 15 24 20 11  5 14 17  2  0  7 12
  2  7 12 19 17  8 10  6  4 16  3  0 22  0  9 23 18  0 15 25 24  0 14  0 11
 25  0 18  1  0 14 20  0  5 24  0  7 17  0 12  6  8  4 10 16  0 13  0 21  3
  4 10  6  8 16  3  0 21 22  0  1 15 25 18  0 20 11 14 24  5  0 17  2 12 19
  0  9 21  0 13  0 23 18 25  0 14 24  5 11  0  0  0  0  7  0 10 16  4  6  8
 14 24 20 11  5 19  7 12  0  0  0 16  0  6 10  9 21  3 13 22 15 25  0 23 18
 17  0 19  2  7  4  6  8 16  0  0  9  0  3 21 18  1 25 23 15 20  0  0 11 14
 16  6  8  0 10  0 21  3 13  9 25 23  0  1 18 11 14  5  0 24  0  7 17  0  2
 15 18  1 25  0  5 11  0 24 20 17 12  7  2 19  8  0 16  6 10 21  9  0  3 22
 13 21  0  0  9 25 18  1 15 23  5  0  0 14 11 19  2  0  0  0  0 10 16  8  4
  5  0  0  0 24  2 12 19 17  7  4  0 16  8  6 21  3 22  9 13 23 15  0 18  0
 24 11 14  0 20 17 19  2  0 12 16  6  0  4  8  3  0 13  0  0  0 23 15  1 25
  0  3 22 13 21  0  0 25 23 18 24 11 20  5  0  2 17  0  0 12  0  6 10  4 16
  0 19  2 17 12  0  8  4 10  6  0 21  9 22  0  1 25  0 18 23 11 20 24  0  5
 10  8  4 16  6 13  3 22  9  0 15 18  0 25  1  0  5  0  0 20 19  0  0  2 17
 23  0 25 15 18  0 14  5  0 11  7 19 12 17  2  4 16 10  0  6  0 21  9 22 13
 21 22 13  9  3 23  0  0 18  0  0  0 11  0  5 17  7 12  0  0  4  8  6  0  0
  0  0  0 24 11  0  2 17 12  0 10  8  6 16  0 22 13  9  3 21  1 18 23 25 15
 12  0  0  7  0 10  0 16  0  8  9  3 21 13  0  0 15 23  1  0  0 11 20  5 24
 18  0 15  0  1 20  5 24 11 14  0  2 19  7 17 16 10  0  4  8  0  0 21  0  9
  6  0 16 10  8  9 22 13 21  3  0  0  0 15  0  5 24 20 14 11  0  0 12 17  7
