5
  0  0  0  0 15 20  5  0 24  0 17  0  0 12  7  0  0  4  0  0  3 22  0 21 13
  0  0 20  0  5  0  2 12 17  0  4  0  6  0 16 21  0  3  9 22 18  1  0 23 25
 22  0  0  0 13  0 25  0 15  1  0 14  0  0  0 19  0  0 12  0  8  4  0  6  0
  2  0  0 19 17  0  0  6 16  0 22  3 21  9 13  0  0  0 23 25  0 14  0  0  5
  0 10  0  0 16  9 22  0  0  0 25  1 18 23 15 11 24 14 20  5  0  2  7 12  0
 13 21  0  0  9  0  0  0  0 25 24  5 14 11  0  0  0  0  0  7  4 16  6  0 10
  5 20 11 14 24 12  0  0  0  0 16  0  0  6 10  0  0 22 21 13  0  0 23 18 15
 16  6  8  4  0 21  0  3  0 22 15 25  1 18  0  0  0  0 11 24  2 17 12  0  0
 17 12 19  2  0  6 16  8 10  4  0 22  3  0  9  0 23 25 18 15 14  0  0  0 24
  0  0  0 25  0  0 24  0 20  5  7  0  0  0 12  4  0 16  0 10  0 13 21  3  0
  0  0  0 13 21  0 23  0 18  0  0  0  5 14  0  0 19  0  2  0 16 10  8  4  0
  0 19  2 17  0  0  0  4  6 16  0  0  0  0 21 25 18 15  1 23  0  0  0 14  0
 10  8  0  0  6  3  9  0  0 13 23  0 25  1 18  0 11 24 14  0  0  7  0  0  0
  0  0  0  5  0  0  7  0  0  0  0 16  4  8  6  0  0 13  3  9  0  0 18  0  0
  0  0 25 15 18  0 20  0 11  0 12  0 17  2 19  0  8 10  0  0  0  9  3  0 21
 18 25 15 23  0  5 11  0  0  0  0 12  7 17  2 10  4  6  0  0  9 21  0  0  0
 21 22 13  0  3 25 18  0  0 23 11 20 24  5  0  0  2 12 17  0  0  6  0  0  0
  6  4 16 10  0  0  0 13  3  9 18  0 15 25  0  0  0 20  0  0  0  0  2  0 19
 20 14  0  0 11  2 12 17  0  0  6  0 16  4  8  0  3  0  0  0 15 23  0 25  0
  0  2 17  0  0  4  0  0  0 10 21  9  0 22  0  0  1  0 25 18 24 20  0  0 11
  0 16 10  6  0  0  0  9 22 21  0  0  0 15  0  0  5  0  0  0  0  0  0  7  0
  1  0  0  0  0 24 14 20  0 11  0 19  0  0 17  0  0  8 10  4 21  0  0  9  0
  0  0  0 12  0  0  8  0  0  0  0 21  9 13  0 23  0  0 15  1 20 11  5 24  0
 11  0  0  0  0 17  0  0  0 12  8  6 10 16  0  9 22 21 13  0 23  0 25  0  1
  3 13  9 21 22  0  0 23  0 18  0 11  0  0  5 12 17  0  0  0  6  8  0  0  4
