5
  5  0 20  0  0 19  0 17 12  2 16  6 10  4  0 13  9 22  3 21 18  0 25  1 23
 15 23 18  0  0  0 20 24 11  5  7 19 12 17  0  0  6 16  4  0  3  0 13 22 21
 16 10  6  0  4  0  9  0 21 22 15 18 23 25  1 24 20  5 14 11  0  7 17  2 12
 13  0  0  0 22  1  0 15  0 25  0 11  0  5 14  0 12  0  0 19  8 10 16  4  6
 17  0 12 19  2  8 10 16  6  0 13 21  9 22  3  0 23 25  0  0 11 24  5 14 20
  0 18  1 25  0  5  0 20 14 24 12  0  0  7 17  6  8 10 16  4  0 21  0 13  3
  7 12 19  2 17  4  6 10  8 16  9  3  0  0 22 23 18 15 25  0 14  0 24  0 11
 24 20 11 14  5  0 12  7 19  0 10  0  6 16  0  9 21 13 22  3  0 23 15 25 18
  9 21  0  0 13 25 18  0  0  0  0 14 11 24  5  0  0  7  0  0  4  6 10 16  8
 10  6  8  4 16 22 21  0  3  0  0  1 18 15 25 20 11 24  5 14  2 12  0 17 19
  0 19  2 17  0 16  8  6  4  0 21  0  3  9  0 18  1 23 15 25  0 11 20  0 14
  6  8  0 16 10 13  3 21  0  9 18 25  1 23  0 11 14  0 24  5 17  0  0  7  2
 18  1 25 15  0 24  0 11  5 20 19 17  2 12  7  8  0  6 10 16  0  3 21  9 22
  0  0  0  5 24 17 19 12  0  7  6  4  8  0 16 21  3  9 13 22  0 18 23 15  0
 21  0  0 13  9 15  1 18 25 23 11  5 14  0  0 19  2  0  0  0 16  8  0 10  4
 19  2 17  0 12 10  4  8  0  6  0  0 22 21  9  1 25 18 23  0 24  0 11 20  5
  3 22 13  0 21 23 25  0  0 18  0 24  5 11 20  2 17  0 12  0 10  4  0  6  0
  8  4 16 10  6  9 22  3 13  0  1 15 25 18  0  0  5  0 20  0  0  2 19  0 17
  0 25 15 23 18  0  5 14  0 11  2  7 17 19 12  4 16  0  6 10  9 22  0 21 13
 11 14  0 24 20  0  2 19 17 12  8 16  4  6  0  3  0  0  0 13 15  1  0 23 25
  0  0 24  0 11 12 17  2  0  0  0 10 16  8  6 22 13  3 21  9 23 25  1 18 15
 22 13  9 21  3 18  0  0 23  0  5  0  0  0 11 17  7  0  0 12  6  0  4  8  0
  0  0  7 12  0  0  0  0 10  8  0  9 13  3 21  0 15  1  0 23 20  5  0 11 24
  0 16 10  6  8 21 13 22  9  3  0  0 15  0  0  5 24 14 11 20 12 17  0  0  7
  0 15  0 18  1 11 24  5 20 14 17  0  0  2 19  0 10  4  8  0 21  0  0  0  9
