5
 19 17 12  2  0 16  0  0  6  0 22 21 13  9  3  0  0  0 23 25 20  5 14  0 11
  0  5 20  0  0 17  0  2 12  0  4  6 16 10  0 13  3 21  9 22 23 25  1  0 18
  0 16  6  4 10  0  0 22  0  9 25 18 15 23  1 24 14 11 20  5 12  0  2  7  0
  0 13  0 22  0 15  1 25  0  0  0 11  0  0 14  0  0 19 12  0  6 16  4 10  8
  0 15 18  0  0 24  0  5 11 20 17 19  7 12  0  0  4  0  0  0 21 13 22  0  3
  2  0 19 17 12 10  4 16  8  6  0  3  9  0 22 23 25  0 18 15 11 24  0  0 14
  4  0  8 16  6  0 22  0  3 21 15  1  0 18 25 20  5  0 11 24  0  0 17 12  2
 14 24 11  5 20  7  0  0  0 12 16  0 10  6  0  0 22  3 21 13 18 15  0 23  0
  0  9  0 13 21  0 25  0  0  0 24 14  0 11  5  0  0  0  0  7  0 10 16  6  4
 25  0  0  0 18 20  5 24  0  0  7  0 12  0  0  0 16  4  0 10  3  0 13 21  0
 16  6  0 10  8  0 13  9  0  3 23 25 18  1  0 11 24  5 14  0  2  0  7  0  0
 17  0  2  0 19  6 16  0  4  8  9  0 21  3  0 18 15 25  1 23 14  0  0 11  0
 13 21  0  9  0 18  0 23  0  0  0  5  0 14  0 19  0  0  2  0  4  0 10  8 16
  5  0  0  0  0 12 17  7  0 19  0  4  6  8 16 21 13  0  3  9  0  0  0 18  0
 15 18 25  0  1 11 24 20  5  0 12 17 19  2  0  8 10  0  0  0 22 21  9  3  0
 10  8 16  6  4  3  9  0 13 22 18 15  0 25  0  0 20  0  5  0 17 19  0  2  0
  0  0 17 12  2  8 10  6  0  4 21  0  0 22  9  1 23  0 25 18  0 11 20  0 24
  0  3 13 21 22  0 23 18  0 25 11 24  0  5 20  2 12  0 17  0  0  0  6  0  0
 24 11  0 20 14  0  0 12 17  2  6 16  8  4  0  3  0  0  0  0 25  0 23  1 15
 23  0 15 18 25  0  0 11  0  5  0  7  2 17 12  4  6 10  0  0  0  0 21 22  9
  0  0 24 11  0  2 12  0  0 17  8 10  0 16  6 22 21  9 13  3  0  1 18 25 23
 18  0  0  1 15  5 11 14 20 24  0  0 17  0 19  0  8  0 10  4  9  0  0  0 21
 21 22  9  3 13  0 18  0 23  0  0  0  5  0 11 17  0 12  0  0  0  4  8  0  6
  6  0 10  0 16 22 21  3  9  0  0  0  0 15  0  5 11  0 24  0  7  0  0 17  0
 12  0  0  0  0  0  0  8  0  0  3  9  0 13 21  0  0 23 15  1 24  0 11  5 20
