9
  0 45 37 41 44 39 40  0 43  0 46  0 47 53 54 52 50 51 55  0 62  0 58  0 61  0 59 72 68 67 65 69 64 71 66 70  0 79 74  0 77 80 76 81 75  3  2  4  5  8  0  1  7  9 16  0 17 14 15 11 12 10 18  0  0 22 20 24 25  0 26 19  0 34 29 31 35 28  0  0  0
 65 72 64 68 71 66 67 69 70 76 73  0 74 80 81  0 77  0  1  2  8  6  0  3  7  0  0 18  0 13  0  0 10 17  0 16  0 25 20  0  0 26 22 27 21 30 29 31 32  0  0 28  0 36  0 40 44  0  0 38 39 37 45 50 48 49 47 51 52  0 53 46 59 61  0  0  0 55  0  0 63
 11 18 10 14 17  0  0 15  0 22  0 21  0 26 27 25  0 24 28 29  0 33 31 30 34 36 32 45 41  0  0 42  0 44 39 43 46 52 47  0 50 53 49 54  0 57 56 58 59 62 60 55  0 63 70  0  0 68  0 65 66 64 72 77 75 76 74  0  0 81 80 73  5  0  2  4  8  0  6  0  9
 74 81  0 77 80 75 76 78  0  0  0  0  2  8  9  7  5  6 10 11 17  0 13 12  0 18 14 27 23 22 20 24 19 26 21 25 28 34 29 33 32 35 31 36  0 39 38 40 41 44  0  0  0 45  0 49  0  0  0 47 48 46 54 59 57 58 56  0 61 63 62  0  0  0  0 67 71 64 69 66 72
 20  0 19 23  0 21  0  0 25 31  0 30  0  0 36 34 32 33 37 38 44  0 40 39  0 45  0 54  0 49  0 51 46 53  0 52 55 61 56 60 59 62 58 63 57 66 65 67 68 71 69 64 70 72 79 76 80  0 78 74  0 73 81  0  3  4  2  6  0  9  0  0  0 16 11 13 17 10 15 12 18
  2  9  0  0  8  3  0  6  7  0 10 12 11 17  0  0 14 15 19  0 26 24  0  0 25 27 23 36 32  0 29 33 28 35 30  0 37 43  0  0 41  0 40 45  0 48 47 49  0 53 51 46 52 54 61  0  0  0 60 56  0  0 63 68 66  0 65 69 70 72  0 64 77 79 74 76 80 73  0 75 81
 56 63 55 59  0 57  0 60 61 67 64 66 65 71  0 70 68  0  0 74  0 78 76  0 79  0 77  9  5  0  2  6  1  8  3  7 10 16 11  0 14 17  0 18 12 21 20 22  0 26  0 19 25 27 34 31 35  0  0 29 30  0 36 41  0  0  0 42  0 45 44 37 50 52 47 49  0  0  0 48 54
 47 54  0 50 53 48  0 51  0  0 55  0  0 62 63 61  0 60 64 65 71 69 67  0 70  0 68  0  0 76 74 78 73 80  0 79  1  0  2  0  0  8  0  9  3 12 11  0 14 17 15 10  0  0  0  0 26  0 24 20  0  0 27 32  0  0 29 33 34 36 35 28  0 43 38  0 44 37 42 39 45
 29  0  0  0 35 30 31  0 34  0 37  0 38  0 45 43 41 42  0 47  0  0 49 48 52  0 50  0  0  0 56 60  0  0  0  0 64  0 65  0 68 71 67 72 66  0 74 76 77 80 78  0 79 81  7  4  0  0  6  0  0  1  9 14 12  0 11 15 16 18  0  0  0  0 20  0  0 19 24 21  0
  0 73  0 69 72 67  0 70  0 77  0 76 75 81  0 80 78 79  2  3  9  7  0  4  8 10  6 19 15 14 12 16  0 18 13  0  0 26  0 25 24 27  0  0 22 31 30  0 33 36 34 29 35 37 44 41 45  0  0  0  0 38 46 51 49  0 48  0 53 55  0 47 60 62 57  0  0  0 61  0 64
 57  0  0 60 63  0 59 61 62 68 65 67 66 72 73  0 69  0  0 75 81 79 77  0 80  1 78 10  6  5  3  7  2  0  0  0 11 17 12  0  0  0 14 19 13 22  0 23 24 27 25 20  0  0 35 32  0 33 34 30  0 29  0  0 40  0  0 43 44 46 45  0 51 53 48 50 54 47 52 49  0
 39 46 38 42 45 40 41 43 44 50 47  0 48  0 55  0  0 52 56 57 63 61 59  0  0 64  0  0 69 68 66 70  0 72 67 71  0 80 75  0  0 81 77  1  0  0  3  5  0  0  7  2  8 10 17 14  0  0  0  0  0 11  0 24 22 23 21  0  0 28  0 20 33 35  0  0 36 29 34 31  0
 30 37 29  0 36 31 32 34  0 41 38 40  0  0 46 44 42 43  0 48 54 52  0 49 53 55 51 64 60  0 57 61  0 63 58  0  0 71 66 70 69 72 68 73 67 76  0  0 78 81 79 74 80  0  8  5  9  6  7  3  0  2 10 15 13 14 12 16 17  0 18  0 24  0  0 23 27 20 25 22  0
  0 28 20  0 27 22 23 25 26 32 29  0 30 36 37 35 33  0  0  0 45  0 41  0 44  0  0  0 51 50  0  0  0  0  0 53  0  0 57  0 60  0  0  0 58 67 66 68 69 72  0  0  0 73  0 77 81 78 79  0 76 74  0  6  4  5  3  7  0 10  9  2  0 17 12 14 18 11 16 13  0
 48  0 47  0 54 49  0 52  0 59 56 58 57  0 64  0 60 61  0  0 72 70 68 67 71 73 69  1 78  0 75 79  0 81 76 80  2  0  3  7  6  9  0 10  4  0  0 14  0 18  0 11  0 19 26 23  0 24 25 21 22 20 28 33 31  0 30  0  0 37 36 29 42 44  0  0 45  0  0 40 46
 75  1 74 78 81 76  0  0  0  5  2  4  3  0 10  8  0  7 11 12 18 16  0 13 17  0  0 28  0 23 21  0  0  0 22 26 29  0 30 34 33  0  0 37 31 40  0 41  0  0 43 38 44 46 53 50 54 51  0 48 49  0 55 60 58 59 57 61 62 64 63 56 69 71  0  0 72 65 70 67  0
  0  0 11 15  0 13  0 16 17 23 20  0 21 27 28 26  0 25 29 30 36 34 32  0  0  0  0 46  0 41  0 43 38 45  0  0  0 53 48 52 51 54 50  0 49 58 57  0 60  0 61 56  0 64 71 68 72 69 70 66 67 65 73  0 76 77 75  0 80  0 81 74  6  0  3  0  9  2  7  0 10
  3  0  2  6  9  4  5  7  8  0 11 13 12 18 19 17 15  0 20 21  0 25  0 22 26  0 24 37  0 32 30 34  0 36  0 35 38 44  0 43  0  0 41 46  0 49 48 50 51 54  0 47  0 55 62 59  0 60  0  0 58  0  0 69  0 68 66  0 71 73 72 65 78 80 75 77 81  0 79 76  0
 49  0  0 52 55 50  0  0  0 60 57  0 58 64 65 63  0 62 66  0 73  0 69  0 72  0  0  2  0 78  0 80 75  1 77 81  0  0  4  8  0 10  6 11  5 14 13 15 16 19 17 12  0 20  0 24  0 25 26 22  0 21 29  0  0 33 31 35 36 38  0  0 43 45  0 42 46  0  0  0 47
  0 20 12 16 19 14 15 17 18 24  0 23 22  0 29 27 25  0 30 31 37 35 33  0 36 38 34 47  0 42 40 44 39  0 41 45 48 54 49 53  0 55  0 56 50  0 58 60  0 64 62 57  0 65 72  0 73 70 71 67 68 66  0  0  0 78 76  0 81  2  1 75  0  9  4  6 10  3  8  5 11
 67 74 66  0 73  0 69 71 72 78  0 77  0  0  2 81 79  0  0  4  0  8  6  5  9 11  7  0  0  0  0  0  0 19 14 18  0  0 22 26  0 28 24 29 23 32 31  0 34 37 35  0 36 38 45 42  0 43 44 40  0  0  0 52 50 51 49  0 54 56  0  0  0 63  0 60 64  0  0 59  0
  0 38 30 34 37 32 33 35 36  0  0  0 40 46 47 45  0 44 48 49 55 53 51  0 54 56 52 65 61  0 58  0  0  0 59 63 66 72 67 71 70 73 69 74 68 77 76 78 79  1  0  0 81  2  9  6 10  0  8  4  0  0 11 16  0  0 13  0  0 20  0 12 25 27 22 24 28  0  0  0 29
 76  2 75  0  1  0  0 80 81  6  0  5  4 10 11  9  7  8 12 13  0 17 15 14 18 20 16 29  0 24 22  0  0 28 23 27 30 36 31  0 34 37 33 38 32  0 40 42 43 46 44  0 45 47 54 51 55 52 53 49 50  0  0 61  0  0  0 62  0  0 64 57 70 72 67 69 73 66  0 68 74
  4 11  3  7 10  5  0  0  9 15 12 14 13 19 20 18 16  0 21 22 28  0  0  0 27 29 25 38 34  0  0 35 30  0 32  0 39  0  0 44  0 46  0 47 41 50 49  0 52 55  0 48 54 56 63  0 64 61 62  0 59  0  0 70 68  0 67 71 72 74  0 66 79  0 76 78  1  0 80  0  2
 22 29 21  0 28 23  0  0 27  0 30 32 31 37 38  0 34 35 39  0 46  0 42  0  0 47 43 56 52  0 49 53 48  0 50 54  0 63 58 62 61  0  0 65 59 68 67  0 70 73 71 66  0 74 81  0  0  0  0 76  0  0  2  7  0  6  4  8  9 11 10  3 16 18 13 15 19 12  0  0 20
 40 47 39  0 46 41 42 44 45  0 48  0 49 55  0 54 52 53 57  0  0 62 60 59  0 65 61 74 70 69 67 71  0  0 68 72 75 81  0 80  0  1 78  2 77  5  0  6  7  0  8  3  9 11  0 15 19 16 17 13 14  0 20 25  0 24 22  0 27 29 28 21 34 36  0 33 37  0 35 32  0
 58 65  0 61 64 59 60  0  0 69 66 68  0 73 74 72 70 71  0 76  0 80 78 77 81  2  0 11  7  6  4  8  3 10  5  9 12 18 13  0 16 19 15  0 14 23 22  0 25 28 26 21 27 29 36 33 37 34 35 31  0 30 38 43 41 42 40 44  0 47  0  0 52  0 49 51 55  0 53 50  0
  0 57 49 53 56  0 52  0 55 61  0  0 59 65 66  0  0  0 67  0 74 72 70 69  0  0 71  3 80 79 77 81 76  0 78  1  4 10  5  0  8 11  7 12  6  0 14  0 17 20  0  0  0 21 28 25 29  0 27 23  0 22 30 35  0  0 32  0 37 39 38 31 44 46 41  0  0 40 45 42  0
 77  3 76 80  2 78 79 81  1  7  4  6  5  0 12 10  0  9 13 14 20 18 16  0 19 21 17  0 26 25 23  0 22  0 24 28 31 37 32  0 35  0 34 39 33  0 41  0 44 47  0 40  0  0  0 52  0  0 54  0  0 49 57  0 60 61 59  0 64 66  0 58 71 73  0 70 74  0  0 69  0
 23  0 22 26 29 24  0 27 28 34 31 33  0  0  0 37 35  0 40 41 47 45 43  0  0 48  0  0 53 52 50 54 49  0 51  0 58 64  0 63 62 65  0 66 60  0 68 70 71  0 72  0  0 75  1 79  2  0  0 77 78 76  3  8  0  7  5  9 10  0 11  4  0 19 14 16 20 13  0 15 21
  0  0  0  0  0 60 61  0 64  0 67 69 68 74 75 73 71 72  0 77  0  0  0 78  1  3  0 12  0  7  0  0  4  0  6 10 13 19 14 18  0 20 16  0 15 24  0 25 26 29  0 22 28  0  0 34 38  0  0 32 33  0 39  0 42 43  0 45 46 48  0 40 53 55  0 52  0 49 54 51 57
  0 75 67 71  0  0  0  0 73 79  0 78 77  2  0  0 80  0  4  0 11  9  7  6  0 12  8 21 17 16 14 18 13  0 15  0  0 28  0 27 26  0 25 30  0 33 32 34 35 38 36 31 37  0 46  0 47  0 45  0 42 40 48  0 51  0 50 54  0 57 56 49 62  0 59  0 65 58 63 60 66
 41 48  0 44 47 42  0 45  0  0  0  0 50 56 57 55 53  0 58  0 65 63 61 60 64  0 62 75 71 70  0  0 67  0 69 73  0  0 77 81  0  2 79  3  0  0  5  0  0 11  9  4 10 12 19 16 20 17 18 14 15  0 21 26 24  0  0 27 28  0 29  0 35 37 32 34 38 31 36 33 39
  0 12  4  8 11  6  7  0 10  0 13 15  0 20 21 19  0 18  0 23  0 27 25 24 28 30  0 39 35  0  0 36 31  0  0 37 40  0 41 45  0 47  0 48 42  0 50 52 53 56  0 49 55  0 64 61  0  0 63 59 60 58  0  0 69 70 68 72  0 75  0  0 80  1  0 79  0 76  0 78  0
 32 39 31 35  0 33  0 36 37  0  0  0  0  0  0 46  0  0 49 50 56  0 52  0  0 57 53 66 62 61 59  0 58 65 60 64 67 73 68 72 71 74 70 75 69 78 77 79 80  2  0 76  1  3 10  7 11  8  9  5  6  4 12 17 15 16 14 18 19 21 20  0 26 28 23 25 29  0  0  0 30
  0  0  0 17 20  0 16 18  0 25  0 24 23 29  0 28  0 27  0  0  0 36 34 33  0  0  0 48 44 43 41 45  0 47 42 46 49  0 50 54  0 56 52  0 51 60 59 61 62  0 63  0 64 66 73 70  0  0 72 68 69 67  0 80 78 79  0 81  1  0  2 76  8  0  5  0 11  4  9  0 12
 33  0 32 36 39  0 35 37 38 44 41 43  0 48 49  0 45 46 50  0 57 55 53 52 56 58  0 67 63 62 60 64  0 66 61 65 68 74 69 73 72 75  0 76  0 79 78 80  0  3  0  0  2  0 11  8 12  9 10  6  7  5 13  0 16 17 15  0 20 22 21 14 27  0 24 26 30 23 28 25 31
 15 22 14  0 21  0 17 19 20 26 23  0 24  0 31 29 27 28  0 33 39 37 35 34  0 40 36 49 45 44 42 46 41  0 43  0 50 56  0 55 54 57 53  0 52 61  0 62 63 66  0 59 65  0 74 71 75  0 73 69 70  0 76  0 79 80 78  1  2  0  3 77  0 11  6  8 12  5  0  7 13
 42 49  0 45  0 43 44  0 47 53 50 52 51 57  0  0 54 55 59 60 66 64  0 61  0 67 63 76  0 71 69 73 68 75 70  0 77  0 78  1 81  3 80  4  0  7  6  0  9 12  0  5  0 13 20  0 21 18  0  0 16 14 22 27 25 26 24 28 29  0 30  0  0 38  0 35  0 32 37  0 40
 69  0  0 72  0 70  0 73  0 80  0 79 78  3  4  2 81  1  5  6  0 10  8  7  0  0  9 22 18 17 15 19  0 21 16  0  0 29 24 28  0 30  0 31 25  0  0 35 36 39 37 32 38  0 47  0 48  0 46  0  0 41 49 54  0 53 51 55 56  0  0  0 63  0 60 62 66 59 64 61  0
 60 67 59  0  0 61 62 64  0  0 68 70 69 75 76 74 72 73  0  0  0  1  0 79  0  4 81  0  9  0  6  0  5 12  0  0 14 20  0 19 18 21 17  0  0 25  0 26 27 30 28 23 29  0  0 35  0 36 37 33  0 32 40  0  0 44 42 46 47 49 48 41 54 56 51 53 57 50  0  0 58
  6  0  0  9 12  7  8  0  0 17  0  0 15 21 22  0 18 19  0 24  0 28 26  0 29  0 27 40 36 35 33  0 32  0  0 38 41 47 42 46 45 48 44 49 43 52 51 53 54 57 55 50 56 58  0 62 66 63 64 60 61 59 67 72 70 71 69 73  0 76 75  0 81  0 78 80  0 77  1 79  4
  0  0 77 81  3 79 80  1  0  8  5  7  6 12 13  0  9 10 14 15 21 19  0 16 20  0 18  0 27  0  0 28 23  0 25 29 32  0 33 37 36 39  0 40 34 43 42 44 45 48 46  0 47 49  0  0  0 54 55  0 52 50 58 63 61 62  0  0 65 67 66  0 72 74 69 71 75 68 73  0 76
  0  0  0  0  0  0  0 28  0 35  0 34 33 39 40 38 36 37 41 42 48 46 44  0 47 49 45 58 54 53 51  0 50 57 52 56  0 65  0 64  0 66 62  0 61  0 69 71 72 75  0 68  0  0  2 80  3 81  1 78  0 77  4  9  7  0  6  0 11 13 12  5 18 20  0 17 21 14 19  0 22
  0  0 50  0  0 52 53 55 56 62 59  0 60  0 67 65 63  0 68 69 75  0  0 70  0 76  0  4 81 80  0  1 77  0 79  2  0 11  6 10  9 12  8 13  7  0 15 17 18  0  0 14  0 22 29 26 30  0 28 24  0 23  0 36 34 35  0  0  0  0 39 32 45 47 42  0 48 41 46 43  0
 61 68 60 64  0 62  0  0 66 72 69 71 70 76  0 75 73 74 78 79  4  2 81 80  3  5  1  0  0  9  7 11  0 13  0 12 15 21  0 20 19 22 18 23 17 26 25  0  0 31 29  0 30 32 39 36 40 37 38 34 35 33 41  0 44 45 43 47  0 50 49 42 55  0  0 54 58  0  0  0  0
 34 41 33 37 40 35  0 38 39 45  0 44  0 49 50  0 46 47  0  0 58  0 54 53  0  0  0  0  0 63 61  0  0 67 62 66 69 75 70  0  0 76  0 77  0  0 79 81  1  4  0 78  3  0  0  9 13 10 11  7  8  6 14 19  0 18 16 20 21 23 22  0 28  0 25 27 31 24 29 26 32
 16 23 15 19 22  0 18  0 21  0 24 26 25 31 32  0 28 29  0 34  0  0 36  0 39 41 37  0 46  0  0  0  0 49 44  0  0  0  0  0 55 58  0 59  0 62 61 63 64 67  0  0  0 68 75 72 76 73  0 70 71 69 77  1 80  0  0  2  3  5  4 78 10 12  7  9 13  6  0  8 14
 79  5  0  1  0  0 81  2  3  0  0  8  7  0 14  0 10 11  0 16 22 20 18 17 21 23  0  0 28 27 25  0 24  0  0 30 33 39 34 38  0 40  0  0  0 44  0 45  0 49  0 42 48 50 57  0  0 55  0  0  0 51  0 64 62 63 61 65 66 68 67 60 73  0  0 72 76 69 74  0 77
 25 32 24 28  0  0 27 29  0 36  0 35  0  0 41 39 37  0 42 43  0 47 45 44  0  0  0 59  0  0 52 56 51 58  0  0 60 66 61 65  0 67  0 68  0 71 70 72  0 76 74 69  0 77  0 81  0  1  0 79 80 78  5 10  0  9  7 11 12  0  0  6 19  0 16 18  0 15 20 17 23
 52 59 51 55 58  0 54  0 57  0 60 62  0 67 68 66 64 65 69 70  0  0 72 71 75 77  0  5  1  0 79  2  0  4 80  0  6 12  7 11  0  0  9 14  0  0  0 18 19 22 20  0  0 23 30  0 31 28  0  0 26 24 32 37 35 36 34  0 39 41 40 33 46 48  0 45 49  0  0 44 50
  0 14  6 10  0  8  9 11 12  0 15  0 16 22 23  0  0  0 24  0  0  0 27 26 30  0 28 41  0  0 34 38 33 40  0  0  0 48 43 47 46 49  0 50 44 53  0  0 55 58 56 51  0 59 66  0 67 64 65  0 62 60 68  0 71 72 70 74 75 77 76 69  0  3 79  0  4 78  0 80  5
 70 77 69 73 76  0  0  0 75  0 78  0 79  0  0  3  1  2  0  7 13  0  9  0 12 14  0 23 19 18 16 20 15  0 17 21 24  0  0 29 28 31 27  0 26 35 34  0  0 40 38 33 39 41 48  0 49 46 47 43 44 42 50  0 53 54  0  0  0 59  0 51 64 66 61 63 67  0  0 62 68
  0  0 42 46 49 44 45  0 48 54 51 53 52 58 59 57 55 56  0  0 67 65 63 62  0 68 64  0 73 72 70 74 69  0  0 75 78  3 79  2  1  0 81  5 80  8  7  9 10  0 11  0 12 14 21  0 22 19 20 16 17  0 23 28 26  0 25  0  0  0 31  0 37 39 34 36 40 33  0 35 41
 71 78 70  0  0 72 73 75 76  1 79 81 80  5  0  4  0  3  7  8 14 12 10  0 13  0  0 24 20 19 17 21 16 23  0 22 25  0 26  0 29 32 28 33 27 36 35 37 38 41  0 34  0 42  0 46 50 47 48 44  0 43 51  0  0 55 53 57 58 60  0  0 65 67  0 64 68  0 66  0 69
  0 51 43 47  0  0 46  0 49 55 52 54 53 59 60  0 56 57  0 62 68 66 64 63 67 69 65 78  0  0  0  0 70 77  0 76 79  0 80  0  0  5  1  6  0  9  0  0 11 14 12  7 13 15 22 19  0 20  0 17 18 16 24 29  0  0 26 30  0 33  0 25  0  0 35 37 41  0 39  0 42
 80  6 79  2  0 81  1  0  4 10  7  9  8 14  0 13 11  0 16 17  0 21 19  0 22 24 20 33  0  0 26  0 25 32 27  0 34 40 35 39 38 41 37 42 36  0  0 46 47 50  0  0 49 51 58 55  0 56 57 53 54 52 60 65  0 64  0 66 67 69 68 61 74 76 71 73  0 70 75 72 78
 53  0 52 56 59 54  0 57  0 64 61 63 62 68 69 67 65 66 70 71 77 75 73 72 76 78 74  6  2  0 80  3 79  0 81  4  7 13  8 12 11  0 10 15  9  0 17 19  0 23 21 16 22 24 31 28 32 29 30 26  0  0 33 38 36 37 35 39 40 42  0 34  0 49 44 46 50 43  0 45 51
  0 42 34  0  0 36 37 39  0 46 43  0  0  0  0  0  0 48 52 53 59 57  0 54 58 60 56 69 65 64  0 66 61  0  0 67 70 76 71 75 74 77 73 78 72  0  0  1  0  5  3 79  4  6  0 10 14  0 12  8  0  0  0 20 18  0  0 21 22 24 23 16 29 31  0  0 32  0 30 27  0
  8  0  7  0  0  9  0  0  0  0  0  0 17 23 24 22  0 21 25  0 32 30 28  0 31 33 29 42 38 37 35  0 34 41 36 40 43 49 44 48 47 50 46 51 45  0 53 55  0 59  0 52 58 60  0  0 68 65 66 62 63  0 69 74 72  0 71 75 76 78 77  0  0  4  0  0  5 79  0 81  6
 26 33 25 29 32 27 28  0 31 37  0 36 35  0 42 40 38  0 43 44  0 48 46 45  0 51 47 60  0  0 53 57  0  0 54  0 61 67 62 66 65 68  0 69 63 72 71  0 74 77  0 70 76 78  4  1  5  2  0 80  0 79  0  0  9 10  8  0 13 15  0  7 20 22 17 19 23  0 21 18 24
 62  0 61  0 68  0 64 66 67  0 70 72 71 77 78 76 74  0 79  0  5  3  1 81  4  0  2 15 11  0  8 12  7  0  9 13 16 22  0  0  0 23  0 24 18 27 26 28 29  0 30 25 31 33 40  0  0  0 39 35  0  0  0 47 45  0 44  0  0 51 50  0  0 58  0 55 59 52 57 54 60
 17 24 16 20  0  0 19 21 22 28 25  0 26 32  0 31 29 30 34 35  0  0 37 36 40 42  0  0 47 46 44 48 43  0 45  0 52 58 53 57  0 59 55 60 54  0 62 64 65  0  0 61  0 69 76  0  0  0 75 71 72 70  0  2 81  1 80  3  4  6  0 79 11  0  8 10 14  0 12  9 15
 81  0 80  3  0  0  2  4  0 11  8 10  9 15 16 14 12 13  0  0 24 22 20  0 23  0 21 34 30 29  0  0  0 33  0 32  0 41 36 40  0 42 38  0 37 46  0  0 48 51 49 44  0 52 59 56 60 57  0 54 55 53 61 66 64 65 63  0  0  0 69 62 75  0  0 74 78 71 76 73 79
  0 52 44  0  0 46 47 49 50  0 53 55 54 60  0  0 57  0 62 63 69 67 65  0 68 70 66  0 75 74 72 76  0 78  0  0 80  5 81  4  0  6  2  7  1  0  0 11 12 15 13  8 14 16  0  0 24 21  0  0 19  0 25 30 28  0 27 31  0 34 33 26  0 41  0 38 42 35 40 37 43
 18  0 17 21 24  0 20 22  0  0 26 28 27 33 34 32 30 31  0  0  0 40 38 37 41 43 39 52 48  0  0 49 44 51 46 50 53 59 54  0 57 60 56 61  0 64 63  0  0 69 67 62  0 70 77  0 78  0 76 72 73 71  0  3  1  2  0  0  5  7  6 80  0 14  9  0  0  8 13 10 16
 54 61  0  0 60 55 56 58  0 65 62 64 63  0 70  0 66 67 71  0 78 76  0 73  0 79 75  7  3  2 81  0  0  6  0  0  8  0  0  0  0  0 11  0 10  0 18 20  0  0  0 17 23 25 32  0 33  0 31 27  0  0 34 39 37  0 36 40  0  0  0 35 48 50 45  0 51 44 49  0 52
  0  0 35  0  0 37 38 40 41  0 44  0 45 51 52  0 48 49 53 54 60  0 56 55 59  0 57 70 66 65 63 67  0 69  0 68 71 77 72 76 75 78 74  0 73  0  0  2  3  0  4 80  5  7 14  0 15 12 13  0 10  8 16 21 19  0 18 22 23 25 24  0 30  0 27 29  0 26  0  0 34
  0 70 62 66  0 64 65  0 68 74 71 73  0 78 79 77 75 76 80 81  6  4  0  1  0  7  3  0 12 11  0  0  8 15 10 14  0  0 18 22 21 24  0  0 19 28  0  0  0 33 31  0 32  0 41 38 42 39  0  0  0  0 43 48 46 47 45 49  0 52 51 44  0  0 54 56 60  0 58  0 61
  0  0  0 12  0 10 11  0 14 20  0 19 18 24 25 23 21 22  0 27  0 31 29  0 32 34 30  0 39 38 36 40 35  0 37 41 44 50 45 49  0  0 47  0 46 55  0 56 57  0 58 53 59 61 68  0  0  0 67 63  0 62 70 75  0  0  0 76  0 79 78  0  0  0 81  2  0 80  4  1  7
 72 79 71 75 78  0  0 76 77  2 80  1 81  6  7  5  3  4  8  9 15  0 11 10  0 16  0 25 21 20 18  0 17 24 19  0  0 32 27 31 30 33 29  0 28 37 36  0 39  0 40  0  0  0  0  0  0  0  0 45 46 44  0  0  0 56 54 58 59  0  0 53 66  0  0 65 69  0 67 64 70
 27 34 26  0 33 28  0 31 32  0 35  0 36 42  0 41 39 40  0 45 51 49  0 46  0 52  0 61 57 56 54  0 53  0 55  0  0 68 63 67 66 69 65 70  0 73 72 74  0  0 76  0 77 79  5  2  6  3  0 81  1 80  0  0  0 11  0 13  0 16 15  8 21 23 18 20 24 17 22 19  0
  0  0  0  0  0 11  0 14  0  0  0 20 19  0 26 24 22 23 27  0  0  0  0 29 33 35 31 44 40 39 37  0 36  0  0 42  0 51 46  0 49 52 48 53 47  0  0  0  0 61 59 54 60 62 69 66 70 67 68  0 65 63  0 76 74 75  0 77 78 80  0 72  4  0  1  3  0  0  0  2  8
  1  8  0  4  7  0  3  5  0 12  0 11 10  0 17 15 13 14  0 19  0 23 21 20 24  0 22 35 31 30 28 32  0  0 29 33 36  0 37 41 40  0 39  0 38 47 46 48  0 52  0  0 51 53  0  0 61 58 59  0 56 54 62 67 65 66 64 68 69  0  0  0 76  0 73  0 79  0 77 74 80
  0 44 36 40 43 38 39 41 42  0 45 47  0 52 53  0  0 50 54 55 61 59 57 56 60  0 58 71 67 66  0  0 63 70 65 69  0 78 73 77  0 79 75  0 74  2  1  3  0  7  5  0  0  8 15 12 16 13 14 10 11  0  0  0  0  0 19 23 24 26  0  0 31 33 28 30  0  0 32  0 35
  0 26 18 22 25 20 21 23 24 30  0 29  0 34 35  0 31 32  0 37  0 41 39 38 42 44 40 53 49  0  0 50 45  0 47  0 54 60 55 59 58 61  0  0 56  0 64 66  0 70  0 63 69 71 78  0 79 76 77 73 74 72 80  0  2  3  1  0  6  8  7 81  0  0 10 12 16  0 14 11  0
  0 53 45 49  0 47 48 50  0 57  0  0  0 61  0 60 58 59 63  0 70 68 66 65  0  0 67 80  0 75 73 77 72 79 74 78 81  0  1  5  0  0  0  8  2 11  0  0  0 16 14  9 15  0  0 21 25 22 23 19 20 18 26 31  0 30 28 32 33 35 34 27  0 42 37 39 43 36 41  0 44
 73 80 72  0  0 74  0 77  0  0  0  0  1  7  8  0  4  0  9  0 16 14 12 11  0 17 13 26 22 21 19 23  0 25 20 24 27 33  0 32 31 34 30 35  0 38 37 39 40 43 41 36 42  0 51 48 52 49  0 46 47 45 53 58 56 57  0  0 60  0 61  0 67 69 64 66 70 63  0 65 71
 28 35  0 31 34 29  0  0 33 39 36 38  0 43 44 42  0 41 45 46 52 50 48 47  0  0  0  0 58 57 55 59 54 61 56 60 63 69  0  0 67 70 66  0 65 74  0 75 76  0  0 72 78 80  0  3  0  4  5  1  2 81  0 13 11 12 10 14 15 17  0  9  0  0 19 21  0  0 23 20  0
 55 62 54 58 61  0 57 59 60 66 63  0  0 70 71  0  0  0 72 73 79 77  0 74 78 80  0  8  0  3  0  0  0  7  2  6  0 15  0 14 13  0 12 17 11 20 19 21 22  0  0 18  0 26 33 30  0 31  0  0 29  0 35 40 38 39  0 41 42  0  0 36 49  0 46 48  0 45 50 47  0
 64  0 63  0 70 65 66 68 69 75  0  0 73 79 80 78 76 77  0  1  7  5  3  2  0  8  0 17 13 12 10 14  9 16 11 15 18  0  0 23 22  0  0 26 20 29 28 30 31 34 32 27 33 35 42  0  0 40 41 37  0  0 44 49 47 48  0  0 51 53 52 45 58 60 55 57  0 54 59 56 62
