9
 69 65 71 67 72 66 70 64 68 73 77 74 81  0 80  0 76  0  6  5  1  0  7  3  2  8  0 10  0 11 13  0 17  0 18 16 25 20 27 26 22 24  0 19 21 29 28 31 36  0 34 30  0 32 37 41 44 45 40  0 39  0 38 50 49 53 47 46 52 48 51 54  0 57  0 59 63 55  0  0 61
 24 20 26 22  0 21 25 19 23 28 32  0 36 30  0 33 31 34  0  0 37 40 43 39 38 44 45 46 51 47 49  0 53 50 54 52 61 56 63 62 58 60 59 55 57 65 64 67 72 71 70 66 69 68 73  0 80 81 76 78  0 79 74  0  4  8  2  0  7  3  6  9 17 12 15 14 18 10 11 13 16
  6  2  8  0  9  3  7  0  0 10 14 11  0 12 17 15  0 16 24 23 19  0 25  0 20 26 27 28 33 29 31 30 35 32 36  0 43  0 45  0 40 42 41 37  0 47 46 49 54 53 52 48 51  0  0  0  0 63  0 60  0 61 56 68 67 71 65 64 70 66 69 72 80 75 78 77 81 73 74 76 79
 15 11 17  0 18  0 16 10 14  0  0  0 27 21 26 24 22 25 33 32 28 31 34 30 29  0 36  0 42  0 40 39 44 41 45 43 52 47 54 53 49  0 50 46 48 56 55 58 63 62  0 57 60 59 64 68  0 72 67  0 66 70 65 77 76 80 74 73 79 75  0 81  8  0  6  5  9  1  2  4  0
 60 56 62  0 63 57 61 55 59 64 68 65  0 66 71 69 67 70 78 77  0 76 79 75 74 80 81  1  6  2  4  3  8  5  9  7 16 11 18 17  0  0 14 10 12 20 19 22 27 26 25 21  0 23 28  0 35 36 31  0 30 34 29 41 40 44 38 37  0  0 42 45  0 48 51 50 54  0 47 49 52
 51 47 53  0 54 48  0  0 50 55  0 56 63  0 62 60 58 61 69 68 64 67 70 66 65 71 72 73 78 74 76 75 80 77  0 79  0  2  9  8  0  6  0  1  3 11 10 13 18 17 16 12 15 14  0  0 26 27  0 24  0  0 20 32  0 35 29 28 34  0 33 36 44 39 42 41 45 37 38 40 43
  0 29 35 31  0 30 34  0  0 37 41 38 45 39  0 42  0 43 51 50  0 49 52 48 47 53  0  0 60 56  0  0  0 59  0 61  0 65 72 71 67  0 68 64 66 74 73 76 81 80 79  0 78 77  1  0  8  9  4  6  0  7  0 14  0 17 11  0 16 12 15 18 26 21 24  0  0 19 20  0  0
  0 38 44 40 45 39 43 37 41 46 50 47 54 48 53 51  0 52  0 59 55 58 61 57  0 62  0 64 69 65 67 66 71 68 72 70 79 74 81 80 76  0 77  0 75  2  1  4  9  8  7  3  0  5 10 14 17 18 13 15 12 16 11 23 22 26 20 19 25 21 24  0 35  0  0  0 36 28 29 31 34
 78 74 80 76 81 75  0  0 77  0  5  2  9  0  8  6  0  7 15 14 10 13 16 12 11 17 18 19 24 20 22 21 26 23 27 25 34 29 36 35 31 33 32 28 30 38  0 40 45 44  0 39  0 41 46 50  0 54 49 51 48  0 47 59 58 62 56 55 61 57 60 63 71 66 69 68 72 64  0 67 70
 16  0 18  0  0 13 17 11 15 20  0 21 28  0 27 25 23 26 34 33 29 32 35  0 30 36  0 38 43 39 41  0 45  0 46  0 53 48  0 54 50 52 51  0 49 57 56  0 64 63  0 58 61 60 65 69 72 73 68 70 67 71 66 78 77 81 75 74 80 76 79  1  9  4  7  6 10  2  3  5  0
 34 30 36 32 37 31 35 29  0 38 42  0 46 40  0 43 41 44 52 51  0  0 53 49 48 54 55  0 61 57  0 58 63 60 64 62 71 66 73 72 68 70 69 65 67  0 74  0  1 81 80 76 79 78  2  6  9 10  5  7  4  8  3 15 14 18 12  0 17 13 16 19 27 22 25 24 28 20  0 23  0
 70  0 72 68 73 67  0 65 69  0 78 75  0 76 81 79 77 80  7  6  2  0  8  4  3  9 10 11 16 12 14 13 18 15 19 17 26  0 28 27 23 25 24  0 22 30 29  0 37 36 35 31 34 33 38  0 45 46 41  0  0 44  0 51  0 54 48 47 53 49  0 55  0 58 61 60 64 56 57 59 62
 25 21 27 23 28 22 26 20 24 29 33 30 37  0 36  0 32 35 43  0 38 41 44 40  0 45 46  0  0 48 50 49  0 51  0 53 62 57  0 63  0 61 60 56 58 66 65 68 73 72 71 67  0 69 74 78 81  0 77 79 76  0  0  6  5  9  3  2  0  4  7 10 18 13 16  0  0 11 12 14 17
 61 57 63 59 64 58 62 56 60 65 69 66 73 67 72 70 68  0 79 78 74 77 80  0 75 81  1  2  7  3  5  4  0  6 10  0 17 12 19  0 14  0  0 11 13 21 20 23 28 27  0 22 25 24 29 33 36  0 32 34  0 35 30  0  0 45 39  0 44 40 43 46 54 49 52 51  0 47 48 50 53
  7  3  9  5 10  4  8  2  6 11 15 12 19 13 18  0  0 17 25 24 20  0 26 22 21 27 28  0 34 30 32  0 36  0 37 35 44  0 46 45 41 43 42 38  0 48 47 50 55 54  0 49  0 51 56 60  0  0 59  0 58 62 57 69 68 72 66 65 71  0  0 73 81 76 79 78  1  0 75 77 80
 52 48 54 50  0 49  0 47  0 56 60 57 64 58 63 61 59  0 70 69  0 68 71 67  0 72 73  0 79 75 77 76 81 78  1 80  8  3 10  9  5  7  6  2  4  0 11 14 19 18 17  0  0  0 20 24 27 28 23 25 22 26 21 33 32 36 30 29  0 31  0 37 45 40  0 42 46  0  0  0 44
 43 39 45 41 46 40 44 38 42 47  0 48 55 49  0 52 50 53 61  0 56 59  0  0 57 63 64 65 70 66 68 67 72 69 73 71 80 75  1 81 77  0  0  0 76  3  2  5 10  9  8  4  7  0 11  0  0 19 14  0  0 17  0 24 23  0 21 20  0 22  0 28 36 31 34 33 37 29 30  0 35
  0 75 81 77  1 76  0 74 78  2  0  3 10  4  0  7  5  8 16 15 11  0 17 13 12 18 19  0  0 21 23 22 27 24 28 26  0 30 37 36 32 34 33 29 31  0 38 41 46 45 44 40 43  0  0 51 54 55 50  0 49 53 48 60 59 63 57 56 62 58 61 64 72 67 70 69 73 65 66 68 71
 71 67 73 69 74  0 72 66 70  0 79  0  2 77  1  0 78 81  8  7  0  6  9  5  4  0 11  0  0  0  0 14 19  0  0 18  0 22 29 28 24 26 25  0 23 31  0 33 38 37 36 32 35 34 39 43  0 47 42 44 41 45 40 52 51  0 49  0 54 50 53 56 64 59 62 61  0 57  0 60 63
 80 76  1 78  2  0 81 75  0  3  7  4 11  5 10  8  6  9 17 16 12 15 18 14 13 19 20 21  0 22 24 23 28  0 29 27 36 31 38 37 33 35 34 30 32 40 39 42 47 46 45  0 44 43  0 52 55 56 51 53 50 54 49 61  0 64 58 57  0 59 62  0 73 68  0 70 74 66 67 69 72
  0 22 28 24 29 23 27 21  0 30 34 31 38 32 37 35  0 36  0 43 39 42  0  0  0 46 47 48 53 49 51 50 55 52 56 54 63 58 65  0  0 62 61 57 59 67 66  0 74 73 72 68 71 70  0 79  0  2  0  0 77 81 76  7  6 10  4  3  9  0  8 11 19 14  0 16 20 12 13 15 18
  0  4 10  6 11  5  9  3  7 12 16 13 20 14 19 17 15 18  0 25 21 24 27 23 22 28 29 30 35  0 33 32 37 34 38 36 45 40 47 46  0 44 43 39 41 49 48  0 56 55 54 50  0 52  0 61 64  0  0 62 59 63  0 70  0  0 67 66 72 68 71 74  1  0 80 79  2  0 76 78 81
 44 40 46 42 47 41 45 39  0 48 52 49 56 50 55 53  0 54 62 61 57 60 63 59  0  0 65  0 71 67 69 68  0 70 74 72 81  0  2  1 78 80  0 75 77  0  3  6 11  0  9  5  8  7  0 16 19 20 15 17 14  0 13 25 24 28 22 21 27  0  0 29 37 32 35 34 38  0  0 33 36
 53 49 55 51  0 50  0  0 52 57  0 58 65 59 64 62 60 63  0  0 66 69 72  0  0 73  0 75 80  0 78 77  1 79  2 81  0  4 11 10  6  8  7  3  5 13 12 15 20 19  0 14 17 16 21 25 28 29 24 26 23 27 22 34 33  0 31  0 36 32 35 38 46  0 44 43 47 39 40 42 45
 35  0 37 33 38 32 36 30 34  0  0 40 47  0 46 44  0 45 53 52 48 51 54 50 49 55 56  0 62 58  0 59 64 61 65 63 72 67 74 73 69 71 70 66 68 76  0 78  2  1 81 77 80 79  0  7 10 11  6  8  5  9  4 16  0  0 13 12 18 14  0 20 28  0  0 25 29  0 22 24 27
 62 58 64 60 65 59 63  0 61 66 70  0 74 68 73 71 69 72 80  0  0 78 81 77 76  0  2  3  8  4  6  5 10  7 11  9 18 13  0 19 15 17 16 12 14 22 21 24 29 28 27 23 26 25 30 34 37 38 33 35 32 36 31 43 42  0 40 39 45 41 44 47 55 50 53 52  0  0 49 51  0
 17  0 19 15 20 14 18 12 16 21 25 22 29 23  0  0 24 27 35 34 30 33 36  0 31 37 38 39 44 40 42 41  0  0 47 45 54 49 56 55  0 53  0 48 50 58 57 60 65 64  0  0 62  0 66 70 73  0  0 71 68 72 67 79 78  1 76 75 81  0  0  2 10  5  8  7 11  3  4  6  9
 18  0 20 16  0  0 19 13 17 22 26 23  0 24 29 27 25 28 36  0 31 34  0 33  0 38  0  0 45 41 43 42 47 44 48 46 55 50 57 56 52 54  0 49 51 59  0 61 66  0 64 60 63 62 67 71  0  0 70 72 69 73 68 80 79  2 77 76  1 78 81  0 11  0  9  8 12  4  5  0  0
 54 50 56 52 57  0 55 49 53  0  0 59 66  0 65  0 61 64 72 71 67 70  0 69  0 74  0 76 81 77 79 78  2 80  3  1 10  5 12 11  7  9  8  4  6 14 13  0 21 20  0 15 18 17 22 26 29 30 25 27  0 28 23 35 34 38 32 31 37 33  0 39 47 42 45 44  0 40 41 43 46
 27 23 29  0  0 24 28 22 26 31 35  0 39 33  0 36 34 37 45  0 40 43 46  0 41 47 48 49 54 50 52 51 56 53  0  0 64 59 66 65  0 63 62 58 60 68 67 70 75  0  0  0 72 71 76 80  2  3 79 81 78  1 77  8  7 11  5  4 10  6  9 12 20 15  0 17 21 13 14 16 19
  0 59 65 61 66 60 64  0  0 67 71 68 75 69 74 72 70 73  0  0 76 79  1 78 77  2  3  4  9  5  7  6  0  8 12 10 19 14  0 20 16 18  0 13 15  0 22 25  0 29 28 24 27 26 31  0 38 39 34 36 33  0 32  0 43 47  0 40 46 42 45 48 56 51 54 53 57 49  0 52 55
 36 32  0  0 39 33 37 31 35  0 44 41 48  0 47  0 43 46 54 53 49 52 55 51 50 56 57 58  0 59 61 60 65 62 66 64 73 68 75 74 70 72 71 67 69 77 76 79  3  2  1 78 81 80  4  8 11 12  7  9  6 10  5 17 16 20 14 13 19 15 18 21 29  0  0 26 30 22 23 25 28
  9  5 11  7 12  6 10  4  8 13  0  0 21 15 20 18  0 19 27  0  0 25 28 24 23  0 30 31 36 32  0 33  0 35 39 37  0 41 48 47 43 45 44 40 42 50 49 52  0 56 55 51 54 53 58  0 65  0 61 63 60 64 59 71 70  0 68 67  0 69 72 75  2 78  0 80  3 76 77 79  1
  0  0 74  0 75  0 73 67 71  0 80 77  0 78  2  0 79  1  9  8  4  7  0  6  5 11 12 13 18 14 16 15 20 17 21  0 28  0 30  0 25 27 26 22  0 32 31 34 39 38 37 33 36 35 40  0 47 48  0 45 42 46  0 53  0 56 50 49  0 51 54 57 65 60 63 62 66 58 59  0 64
 81 77  2 79  3 78  1 76 80  4  8  5 12  6 11  9  7 10 18 17 13 16 19 15 14 20 21 22 27 23 25 24  0 26  0 28 37 32 39  0 34  0 35 31 33 41 40  0  0 47 46  0 45 44 49  0  0 57 52 54  0  0 50  0 61  0 59 58 64 60 63 66 74 69  0 71 75  0 68 70 73
 45 41 47  0 48 42  0  0 44 49 53 50 57  0 56 54  0 55 63 62 58 61 64 60  0 65  0 67  0 68 70 69  0 71 75 73  0 77  3  2 79 81  0  0  0  5  4  0 12 11 10  6  9  0  0 17 20 21 16 18 15 19 14 26  0 29 23  0 28 24 27  0 38 33 36 35 39 31 32 34 37
  0  6 12  8  0  7 11  5  9  0 18 15 22 16 21 19 17  0 28 27  0 26 29  0 24  0  0 32  0 33 35  0 39 36 40 38 47 42 49 48 44 46 45 41 43 51 50 53 58 57 56 52 55 54 59 63 66 67 62 64 61 65 60 72 71 75 69  0  0 70 73 76  3 79  1 81  4 77 78 80  2
 28 24  0  0 31  0 29  0 27 32 36 33 40 34 39 37 35 38 46 45 41 44 47 43 42 48 49 50  0 51 53 52 57 54 58 56 65 60  0 66 62 64 63  0 61 69 68 71  0 75 74 70  0 72 77 81  3  4 80  1 79  2 78  9  8 12  6  5 11  7  0 13 21  0 19 18 22 14  0 17 20
 19 15 21 17 22 16 20 14  0 23 27 24 31  0  0 28 26 29 37 36  0 35 38 34 33 39 40 41 46 42 44 43  0 45 49  0 56 51  0 57 53 55 54 50 52  0 59 62  0 66 65 61  0 63 68  0 75 76 71 73 70 74 69 81 80  3 78 77  2 79  1  0 12  7 10  9 13  5  6  8 11
 64 60 66 62 67 61  0 59  0 68 72 69 76 70 75 73  0 74  1 81 77  0  2 79 78  0  4  5 10  6  0  7 12  9 13 11 20 15 22 21 17 19 18 14 16 24 23 26 31 30 29 25 28 27 32 36 39 40 35 37  0 38 33  0 44 48 42 41 47 43 46 49 57  0 55 54 58 50 51 53 56
  0 42  0 44 49 43 47 41 45 50 54 51 58 52 57 55 53 56 64 63 59  0 65 61 60 66 67 68 73 69 71 70 75 72 76  0  2 78  4  3 80  1 81 77  0  6  5  8 13 12 11  7  0  9 14 18 21 22 17  0 16 20 15 27 26 30 24  0 29 25 28 31  0 34 37  0 40 32 33 35 38
 73 69 75  0  0 70  0  0 72 77 81 78  4 79  3  1 80  2 10  9  5  8  0  7  6  0  0  0 19 15 17 16 21 18 22  0 29 24 31 30  0 28  0 23 25  0 32 35 40 39 38  0 37 36 41 45 48 49  0 46  0 47 42 54 53 57 51  0 56 52 55 58 66 61 64 63  0 59 60 62 65
 37 33 39 35 40 34 38 32 36 41 45  0 49 43 48 46 44 47 55 54 50 53 56 52 51 57 58 59 64 60 62 61 66 63 67 65 74 69 76 75  0 73 72 68  0 78  0 80  4  3  2 79  0 81  5  9 12 13  8 10  7 11  6  0 17 21 15 14 20 16  0 22 30 25 28 27 31 23 24 26 29
  1 78  3 80  0 79  0 77 81  5  9  6 13  7 12 10  8 11 19 18 14  0 20 16 15 21  0 23 28  0 26 25  0 27  0 29 38 33 40 39  0 37 36 32 34 42 41 44 49 48 47 43 46 45 50 54  0 58  0 55 52 56 51 63 62 66 60  0 65 61  0 67 75 70 73 72 76 68 69 71 74
 55  0 57 53 58 52 56 50 54 59 63 60 67  0  0  0 62 65 73  0 68  0  0 70 69 75 76 77  1 78 80 79  0 81  4  2 11  6 13 12  8 10  9  0  7 15 14 17 22 21  0  0 19 18 23  0 30  0 26 28 25 29 24 36 35 39  0 32 38 34  0 40 48 43 46 45  0 41 42  0 47
 29 25 31 27 32  0 30 24 28  0 37 34 41 35  0  0 36 39 47  0 42 45  0 44 43 49  0 51 56 52  0  0 58 55 59  0 66 61 68 67  0 65  0 60  0 70 69 72 77 76  0 71 74 73 78  1  0  5 81  0 80  0 79 10  9  0  7  6 12  8 11  0  0 17 20 19 23 15 16 18  0
 56 52 58 54 59  0 57 51 55 60 64 61 68 62 67 65  0 66 74 73 69 72 75 71 70  0 77 78  2 79  0 80  4  1  5  0 12  7 14  0  9 11 10  6  0 16  0 18 23 22  0 17 20 19 24 28 31 32 27  0 26 30 25 37 36 40 34 33 39 35 38 41 49 44  0 46 50 42  0 45 48
  2 79  4 81  5 80  3 78  1  0 10  7 14  8  0 11  0  0 20 19  0 18 21 17 16 22 23 24  0 25 27  0  0 28 32 30 39 34 41 40  0 38  0 33 35  0 42 45 50 49 48 44  0  0 51 55 58  0  0  0 53 57  0 64 63 67 61 60 66 62 65 68 76  0 74 73 77 69 70 72 75
 65 61  0  0 68 62 66 60 64 69 73 70 77 71 76 74 72 75  2  1 78 81  3 80 79  4  5  0 11  7  9  0 13  0  0 12 21  0 23 22 18 20 19 15 17 25  0 27 32 31 30 26 29 28 33 37 40 41 36 38 35 39 34 46 45 49 43 42  0 44 47 50 58  0 56 55  0  0  0 54 57
 74 70 76  0 77  0 75 69 73 78  1 79  0  0  0  2  0  3 11 10  6  9 12  8  7 13 14 15 20 16 18 17 22 19 23 21 30 25 32 31 27 29 28 24 26 34 33  0 41 40 39 35 38  0 42 46 49 50  0 47 44 48 43 55 54  0 52 51  0 53  0 59 67 62  0 64 68  0 61 63 66
 11  0 13  9 14  8 12  6 10 15 19 16 23 17 22 20 18 21  0 28 24 27 30 26  0  0  0 33 38 34 36  0 40  0 41 39 48 43 50 49  0 47 46  0 44  0 51 54 59 58  0 53 56 55 60 64 67 68  0 65 62 66  0  0 72 76 70 69 75 71 74 77  4 80  0  1  5 78 79 81  3
  0 16 22 18 23 17 21 15 19 24 28 25 32 26 31 29  0 30 38 37 33 36 39 35 34 40 41  0  0  0  0 44 49 46  0  0  0 52 59 58 54  0 55  0 53 61 60 63 68 67  0 62 65 64 69 73 76 77 72  0 71 75 70  1  0  4 79 78  3 80  2  5 13  8  0 10 14  6  7  9 12
 47  0 49 45  0 44 48 42 46 51 55 52 59 53 58 56 54 57 65 64 60 63  0 62  0 67 68 69 74 70 72  0  0 73 77 75  3 79  5  0 81  2  1 78 80  7  0  9 14 13 12  8 11 10  0 19 22 23  0 20 17 21 16 28  0 31 25  0  0 26  0  0 40 35  0 37 41 33 34 36 39
 38 34 40  0 41 35 39 33 37  0 46 43 50 44 49 47 45 48 56  0  0 54  0 53  0 58  0  0  0 61 63 62 67 64  0 66 75 70 77 76 72  0  0 69  0 79 78 81  5  4  3 80  0  1  6 10 13 14  9 11  8  0  7 19 18 22 16 15 21 17 20 23 31 26 29 28 32 24 25 27 30
  0  8  0 10  0  9 13  7 11 16 20 17 24 18 23 21 19 22 30 29 25 28 31 27  0 32 33 34  0 35 37 36 41 38 42 40 49 44 51 50 46 48 47 43 45 53 52 55 60 59 58  0 57  0  0 65 68 69 64 66 63 67 62 74  0 77 71 70 76 72 75 78  5 81  0  2  6 79  0  0  4
 66 62 68 64  0 63 67 61  0 70 74 71 78 72 77 75 73 76  3  2 79  1  4 81 80  5  0  7 12  8  0  9  0 11 15 13 22 17 24 23 19  0  0 16 18 26 25 28 33  0 31 27 30 29  0  0  0  0  0 39  0 40 35 47  0 50 44  0  0 45 48 51 59 54 57 56 60 52 53 55 58
 39 35  0 37 42 36  0 34  0 43  0 44  0 45 50 48 46  0 57 56 52 55 58 54 53 59 60 61 66 62 64 63  0 65 69 67 76 71 78 77 73 75 74 70 72  0 79  1  6  5  4  0  3  0  7  0 14  0 10 12  0 13  8 20  0 23  0 16 22 18 21 24 32 27 30 29 33  0 26  0 31
  0 80  5  1  6 81  4 79  2  7 11  8  0  9 14  0 10 13 21 20 16 19 22 18 17 23 24 25  0 26  0 27 32 29 33 31 40 35 42 41 37 39 38 34 36 44 43 46 51 50 49  0 48 47 52 56  0 60 55 57 54 58 53 65 64 68  0 61 67  0 66 69  0 72 75 74 78 70 71 73 76
 57 53 59 55 60 54 58 52 56 61 65 62 69 63 68 66 64 67 75 74 70 73 76 72 71 77 78 79  3 80  0 81  5  2  6  4 13  8 15  0 10 12 11  7  9 17 16 19 24 23 22  0 21  0  0 29 32 33 28 30 27 31 26 38 37 41 35 34 40 36 39 42 50 45 48 47 51 43 44 46 49
 21 17 23 19 24 18 22 16 20 25 29 26  0  0 32 30 28 31  0 38 34 37 40 36 35  0 42 43 48 44 46 45  0 47 51  0 58 53 60 59 55 57  0 52 54 62 61 64 69 68 67  0 66 65 70 74  0  0 73 75 72 76 71  2  1  0 80 79  4 81  3  6 14  9 12 11 15  0  8 10 13
  0 26 32 28 33 27 31 25 29 34 38 35 42 36 41 39 37 40 48 47 43 46  0 45 44 50 51 52 57 53  0 54  0  0 60  0 67 62 69 68  0 66 65 61 63 71 70  0 78 77 76 72  0 74 79  2  5  0  1  3  0  4 80  0 10  0  8  7 13  9 12 15 23 18 21 20 24 16 17 19 22
  0 44  0 46 51  0 49 43 47 52 56 53 60 54 59 57 55  0 66 65  0 64 67 63 62 68 69 70 75  0 73  0 77  0 78 76  0 80  6  5  1  0  0 79  0  0  7  0 15 14 13  9 12 11 16 20  0 24 19  0 18 22 17 29  0  0 26 25 31 27 30 33 41  0 39  0 42 34 35 37 40
 75 71  0 73 78 72 76 70 74 79  2 80  6 81  5  3  1  4 12  0  7 10 13  0  8 14  0 16 21 17 19 18 23 20 24 22  0 26 33 32 28  0 29 25 27 35 34 37 42 41  0 36 39 38 43 47 50 51 46 48 45  0 44 56 55  0 53  0 58  0 57 60 68  0 66 65 69 61  0 64 67
 58 54 60 56 61 55 59  0 57 62 66 63 70 64 69 67 65 68 76 75 71  0  0 73 72 78 79  0  4 81  2  1  6  3  7  0  0  0 16  0 11 13  0  8 10 18 17 20 25  0 23  0 22 21  0 30 33 34 29 31  0 32 27 39  0  0 36 35 41 37 40  0 51  0 49 48 52 44 45  0 50
 22 18 24 20  0  0  0 17 21 26 30 27 34 28 33 31  0 32 40 39  0 38 41 37  0 42 43 44 49  0  0 46 51 48 52 50 59 54 61 60 56 58 57 53  0 63 62  0 70 69  0 64 67 66 71 75 78  0 74 76 73 77 72  3  2  6  0 80  5  1  0  7 15 10 13  0 16  8  9  0 14
 40  0  0 38  0 37 41 35  0 44 48 45 52  0 51 49 47  0  0 57 53 56 59 55 54 60  0  0 67 63 65  0 69 66 70 68 77 72 79 78 74 76 75 71 73 81 80  2  7  6  5  1  4  3  8 12 15 16  0 13 10 14  9 21 20 24 18  0 23 19 22 25  0 28  0 30 34 26 27 29  0
  0  0  0 65 70 64 68 62 66 71 75 72 79 73 78 76 74 77  4  3 80  2  5  1 81  6  7  8  0  0 11 10 15 12 16 14  0 18  0 24  0 22 21 17 19  0  0  0 34 33 32 28 31  0  0 39 42 43 38  0 37 41  0 48 47 51 45 44  0 46 49 52 60 55 58 57 61 53 54 56  0
 31 27 33  0 34 28 32 26  0 35 39 36  0  0 42 40  0 41 49 48  0  0 50 46 45 51 52 53  0 54 56 55  0 57 61 59 68 63 70 69 65 67 66  0 64 72  0 74 79  0 77 73 76 75 80  3  6  7  2  4  1  5 81 12 11 15  9  8  0 10 13 16 24 19 22 21 25 17 18 20 23
 49  0 51 47 52 46 50 44 48 53 57 54  0 55 60  0  0  0 67 66 62 65 68 64 63 69 70  0 76 72 74 73 78 75  0  0  5 81  7  6  2  4  0 80  1  9  8 11 16 15 14  0 13 12 17 21 24 25  0  0 19  0 18 30  0 33 27 26 32 28 31 34 42 37 40 39 43 35  0 38 41
  4 81  0  2  0  0  5 80  3  8 12  9 16 10 15 13 11 14 22 21  0 20 23 19  0 24  0  0  0  0 29  0 33 30 34 32 41 36  0 42 38 40  0  0 37  0 44  0 52 51 50 46 49 48 53 57 60 61 56  0 55 59 54 66 65 69 63 62 68 64  0  0 78 73 76 75 79 71 72 74 77
 76 72 78  0 79  0 77 71 75 80  3 81  7  1  6  4  2  5  0 12  8 11 14 10  9 15 16 17  0 18 20 19 24 21 25  0 32 27  0 33 29 31 30 26 28 36  0 38  0  0 41 37 40 39 44  0  0 52  0 49 46 50 45  0 56  0 54 53 59  0 58  0 69 64 67 66 70 62 63 65  0
 13  9  0 11  0 10 14  0 12  0 21 18 25 19 24 22 20 23 31 30 26 29 32  0 27  0 34 35 40 36 38 37 42 39 43 41 50 45  0 51 47 49  0 44 46 54 53 56 61 60 59 55 58 57 62 66 69 70 65 67 64 68 63 75  0 78  0  0  0  0 76 79  0  1  4  0  7 80 81  2  0
 14  0  0  0 17 11  0  9  0  0 22 19 26 20 25 23 21 24 32 31 27 30 33 29  0  0 35 36 41 37 39  0  0 40 44 42 51 46 53 52 48  0 49 45 47  0 54  0 62 61 60 56 59  0 63 67 70  0 66 68 65 69  0 76 75  0  0 72 78 74 77 80  0  2  5  4  8  0  1  3  0
 23  0 25 21 26 20 24 18 22 27 31  0 35 29 34 32 30  0 41 40 36 39 42 38 37 43 44 45 50 46  0 47  0 49 53  0 60 55 62 61  0 59 58 54 56 64 63 66 71 70 69 65  0  0 72 76 79 80 75 77 74 78 73  0  3  7  1 81  6  2  5  8 16 11 14  0  0  0 10 12  0
  5  1  7  3  8  0  0  0  4  9 13 10 17 11  0 14 12 15 23 22  0 21 24 20 19  0  0  0 32 28 30 29  0 31 35 33  0 37  0  0 39 41 40 36 38 46  0 48 53 52 51 47  0 49 54 58 61 62  0 59 56 60  0 67 66 70 64 63 69 65 68  0 79 74 77 76 80 72 73 75  0
 68 64 70 66 71 65 69 63  0 72 76 73 80  0 79 77 75 78  5  4 81  3  0  2  1  7  8  9 14 10 12 11 16 13 17 15  0  0 26  0  0 23 22 18 20 28 27 30 35 34 33 29 32 31  0 40 43 44 39 41  0 42 37 49 48 52  0 45 51 47  0 53 61 56 59 58 62 54 55 57 60
 77 73  0  0 80 74 78 72  0  0  4  1  8  2  7  0  0  0 14 13  9 12  0 11  0 16 17 18 23 19 21 20 25 22 26 24 33 28 35 34 30 32 31 27 29 37 36 39 44 43 42 38 41 40 45 49 52 53 48  0 47 51 46 58 57 61  0  0 60 56 59 62 70 65  0 67 71 63 64 66 69
 41  0 43 39 44 38 42 36 40 45  0  0 53 47 52 50  0 51 59 58 54 57 60 56 55 61  0 63  0  0 66 65 70 67 71 69 78 73  0 79 75 77  0 72 74  1 81  3  8  7  6  2  5  0  0 13 16  0 12 14 11 15 10  0  0 25 19  0 24  0 23 26 34  0 32 31 35  0 28 30 33
 50  0  0 48 53 47 51 45 49  0 58 55 62 56 61 59 57 60 68 67 63 66  0 65 64 70  0 72 77 73 75 74 79 76 80 78  6  1  8  7  3  5  0 81  2 10  9  0  0 16 15 11 14 13 18 22 25 26 21 23 20  0 19 31 30 34 28 27 33  0 32 35 43  0 41 40 44 36 37 39 42
  0 28 34  0 35 29 33  0 31 36  0 37 44 38 43 41 39 42 50  0 45 48  0 47 46 52  0 54 59 55 57 56 61 58 62 60 69  0  0 70 66 68 67 63 65  0 72 75 80 79 78 74  0 76 81  4  0  0  3  5  2  0  1 13 12 16 10  9 15 11 14 17  0 20 23  0 26  0 19 21  0
 59 55 61 57 62 56 60 54 58 63 67  0 71 65 70  0 66 69 77 76 72  0 78 74 73 79 80  0  0  1  3  2  7  0  8  6 15  0 17 16 12 14 13  0 11 19 18 21 26  0  0 20  0 22  0 31  0 35 30 32 29 33 28 40 39  0  0 36 42 38 41  0  0 47 50 49  0 45 46 48  0
