9
 71 64 72 66 65 68 67 69 70  0  0 74 76  0 81 73 77 80  2  8  3  6  0  0  1  0  0  0  0 16  0 17 10 18 13  0 22 21  0 20  0 25 26 27  0 32 31  0 30  0 29 36 28  0 37 38 45 44  0 39  0 40  0 47 48 49 46 50 52  0 53 51  0 55  0  0  0 61 59 63  0
  0 55 63 57 56 59  0 60 61 66 70 65 67  0  0 64 68 71 74  0  0 78  0 77  0 79 76  3  2  7  6  8  1  9  0  5  0 12  0 11 10 16 17 18 14  0 22  0 21 26 20 27 19 25  0 29 36 35 34 30  0 31  0  0  0  0 37 41  0 45 44 42 47  0  0 49 48 52 50 54  0
 53  0 54 48 47 50  0 51  0  0 61  0  0 60 63 55  0 62 65 71  0 69  0 68 64 70 67  0 74 79 78 80 73  0 76  0  0  3  0  2  1  0  8  9  0 14  0 15 12 17 11  0 10  0  0 20 27 26  0  0  0  0 24 29  0  0 28 32 34 36 35 33 38 37 42  0 39 43  0 45 44
  0 19  0 21 20 23  0  0 25 30 34  0 31 33 36  0 32  0 38 44 39  0 45  0 37  0 40  0  0 52 51 53 46 54 49  0 58 57 60 56 55 61 62 63 59 68 67 69 66 71 65 72 64 70 73 74 81 80 79  0  0 76 78  2  3  4  0  0  0  9  0  6 11 10 15 13 12 16  0 18  0
 44 37 45 39  0 41 40  0 43  0 52 47  0  0 54 46 50 53  0 62  0  0  0 59 55 61 58 66 65 70 69 71 64 72 67 68 76 75  0 74  0 79 80 81 77  5  4  0  3  8  2  9  1  7 10 11 18 17 16 12 14  0 15 20  0 22 19  0 25  0 26 24 29 28  0 31  0 34  0  0 35
 80  0 81 75 74 77 76 78  0  0  7  2  0  6  9  0  5  8 11 17 12  0 18 14 10  0 13 21 20 25 24 26 19 27 22 23 31  0 33 29 28 34 35 36 32 41 40  0 39 44 38 45  0  0 46 47 54  0  0 48  0 49  0 56 57 58  0 59 61 63 62  0  0 64 69 67 66  0  0 72 71
  8  0  9  3  2  0  0  6  7 12  0 11  0 15  0 10 14 17  0 26  0 24 27 23 19 25  0 30 29  0 33 35 28 36  0 32 40  0  0  0 37 43  0 45 41  0 49 51 48 53 47 54 46 52  0 56 63  0 61  0  0  0 60 65 66  0 64 68 70 72  0 69 74 73  0 76 75 79 77 81 80
 17 10 18  0 11 14  0 15  0 21 25  0 22 24 27  0  0 26 29  0 30 33 36 32 28 34 31 39  0 43 42 44  0 45  0 41 49  0  0 47 46 52 53 54 50 59 58 60 57 62  0 63 55  0 64 65 72  0 70 66 68  0  0  0 75 76 73 77  0 81 80  0  2  0  6  4  0  0  5  9  8
 35  0  0 30 29  0 31  0 34  0 43 38  0 42 45 37 41  0 47  0 48  0  0 50  0 52 49  0 56  0 60  0  0  0  0  0  0 66  0 65 64  0 71 72 68 77 76 78  0 80 74 81  0 79  1  0  9  0  7  0  0  4  6 11 12  0  0 14 16 18  0 15 20 19 24  0 21  0  0  0  0
  0 11  0 13  0 15  0 16 17  0 26 21 23 25 28 20  0 27 30 36  0 34  0  0 29  0 32  0  0  0 43 45 38 46 41  0 50 49 52 48  0 53 54  0 51 60  0 61 58  0 57 64 56  0 65 66 73 72 71 67 69 68 70 75 76 77 74  0 80  0 81  0  3  2  7  0  0  0  6 10  9
 81 74  1 76 75 78  0  0  0  4  8  3  5  7 10  2  0  0 12 18 13 16  0  0 11 17  0 22 21 26  0  0  0 28 23  0  0 31 34 30 29  0  0 37 33  0 41 43 40  0  0 46 38 44  0 48 55 54 53 49 51 50  0 57 58 59 56 60 62 64 63 61  0 65 70  0 67 71 69  0 72
 54  0  0 49 48  0  0 52  0 58  0 57 59 61 64 56 60  0  0 72 67 70 73 69  0 71 68 76 75 80 79 81  0  1  0 78  0  4  7  3  2  0  9 10  6  0 14  0  0 18  0 19 11  0 20 21 28  0 26 22 24 23 25 30 31  0 29 33  0 37 36  0  0  0  0  0 40 44 42 46 45
 27 20 28 22  0  0 23 25 26  0 35 30 32  0 37 29 33 36  0 45  0  0  0  0  0 44 41  0  0 53  0  0  0  0 50 51  0 58  0 57  0  0  0  0 60 69 68  0 67 72 66 73  0  0 74  0  0 81  0 76 78 77 79  3  4  5  2  6  0 10  9  7 12 11 16  0 13 17  0  0 18
 36 29 37 31 30  0 32 34  0  0 44  0 41 43 46 38 42  0 48 54 49 52 55 51  0 53  0 58 57  0 61 63  0 64  0 60 68 67 70 66  0 71 72 73 69 78  0 79 76 81  0  0 74 80  2  3 10  9  8  0  6  5  7 12 13 14  0 15 17  0 18 16  0 20 25 23 22  0 24  0 27
 72  0 73 67  0 69  0 70  0 76 80 75 77 79  0  0 78 81  3  9  4  7 10  6  2  8  0 13 12  0 16 18  0 19 14 15  0 22 25  0  0 26 27  0 24 33  0 34 31 36 30 37 29 35 38  0 46 45 44  0  0 41  0 48 49  0 47 51 53 55  0  0 57  0 61  0  0 62 60 64  0
  9  2  0  4  3  6  5  7  8 13 17 12  0  0 19 11 15 18 21  0 22 25  0 24 20 26  0  0 30 35 34 36  0 37 32  0 41  0 43  0 38 44  0 46  0 51 50  0 49 54 48 55 47  0  0  0  0  0 62 58 60 59  0 66  0 68 65 69 71 73 72  0 75  0 79 77 76 80 78  0 81
 45 38 46 40 39 42 41 43 44  0  0 48 50 52 55 47  0  0 57 63  0 61 64  0  0  0 59 67 66 71 70 72  0  0 68 69 77  0  0 75  0 80 81  1  0  0  5  7  0  0  3 10  2  8 11  0  0  0 17  0  0 14  0 21 22 23 20 24  0 28  0  0  0 29 34  0 31 35 33  0 36
 63  0  0  0 57 60 59 61 62 67  0 66 68  0 73 65 69 72 75 81  0 79  1 78  0 80 77  0  3  0  7  0  2 10  5  6  0 13  0 12 11 17  0 19  0 24 23 25 22 27  0  0 20  0 29 30  0  0 35  0  0 32 34  0 40  0  0  0 44 46 45 43 48 47 52 50 49 53 51  0 54
  1 75  2  0 76  0  0 80 81  5  9  4  6  8  0  0  7 10 13  0  0 17 20 16 12 18 15 23 22 27  0 28  0 29 24  0 33 32  0 31 30 36 37 38 34 43 42 44  0 46 40 47  0 45  0 49  0 55 54 50 52 51 53  0  0  0 57 61  0  0 64 62 67 66  0 69 68 72 70 74 73
 28 21 29 23 22  0  0  0 27 32  0 31  0 35 38 30 34 37  0 46  0  0 47 43 39  0 42 50  0 54 53  0 48  0  0 52  0 59 62 58  0 63  0 65 61 70  0 71 68 73 67 74 66  0  0 76  2  0  0  0  0  0  0  4  0  6  3  7  9 11 10  8 13 12  0 15  0 18 16 20 19
 37 30 38 32  0 34 33 35 36  0 45 40  0 44 47  0  0 46 49 55  0 53 56 52 48 54 51 59 58 63  0  0  0 65  0 61 69 68 71 67 66 72 73 74 70 79 78  0 77  1 76  2  0 81  0  4 11 10  9  0  0  6  8 13  0  0 12 16  0 20  0  0 22  0  0 24  0 27 25 29 28
 46 39 47 41 40  0 42 44 45  0 54 49  0 53  0 48 52 55  0  0 59 62 65 61 57  0 60 68 67 72 71  0  0 74 69 70 78 77 80  0 75 81  1  2  0  7  6  8  5  0  0 11  3  9  0 13 20 19  0 14 16 15 17  0  0 24 21 25 27 29 28  0  0  0 35 33 32 36 34  0 37
 10  3 11  5  4  7  0  0  9 14 18 13 15  0 20 12 16 19 22 28  0  0 29 25 21 27  0 32  0  0 35  0 30 38  0 34  0 41 44  0 39  0 46 47  0 52  0  0 50 55 49 56 48 54  0  0  0 64 63 59 61  0 62 67 68  0 66 70 72 74  0 71 76  0 80 78  0  0 79  2  0
 73 66 74  0 67  0 69 71 72 77 81  0 78  0  2  0 79  0  4  0  5  8 11  7  0  9  6 14  0 18  0 19  0  0  0  0 24 23 26 22  0  0 28 29  0 34  0 35 32 37 31 38  0 36  0 40  0  0 45  0 43 42 44 49 50 51  0 52 54 56  0  0  0  0  0 60 59 63  0  0 64
 19 12 20 14  0 16 15 17 18 23 27 22 24  0 29  0  0  0 31 37  0 35 38 34 30 36 33 41 40 45 44  0 39 47  0  0  0 50 53 49 48  0 55 56  0  0 60 62  0 64 58 65 57  0 66 67  0 73 72 68 70  0 71 76  0 78 75  0 81  2  1  0  4  3  8  6  5  9  0 11 10
 64  0 65 59 58 61 60  0  0 68 72  0 69 71 74 66 70 73 76  0 77 80  2  0  0 81 78  5  4  0  8 10  3 11  6  7 15 14  0 13 12 18 19  0 16 25  0 26 23 28 22 29 21 27 30 31 38 37 36  0 34 33 35 40 41 42  0 43  0 47  0 44 49  0 53 51 50  0 52  0 55
 55  0  0 50 49 52  0  0  0  0 63 58 60 62 65 57  0 64  0 73  0  0  0  0 66 72 69 77  0 81 80  1 75  2 78  0  6  5  8  4  0  0 10 11  0 16 15 17 14 19 13 20 12  0 21 22 29  0  0  0 25 24 26 31  0 33  0  0 36 38  0 35  0  0  0 42  0 45 43 47 46
  0  0  0 60  0  0 61  0 64 69 73 68  0 72 75 67 71 74 77  0 78  0  3  0  0  1  0  6  0 10  0  0  4 12  7  0 16 15 18 14  0 19 20  0  0 26 25  0 24 29  0  0 22 28  0 32 39 38  0 33  0 34  0  0 42 43 40  0 46 48  0 45  0 49 54 52 51 55 53 57  0
 29 22  0 24 23 26  0 27 28 33 37  0 34  0  0 31 35  0 41 47  0 45 48  0 40  0 43 51 50  0 54  0 49  0 52 53  0 60 63  0 58 64 65 66 62 71 70 72  0  0 68 75  0  0 76 77  3  2  1 78  0 79  0  5  0  7  4  8  0  0 11  9 14 13  0 16 15 19  0 21 20
  0 31 39 33 32 35  0 36 37  0 46  0  0  0  0  0  0  0 50 56  0  0 57 53 49  0 52 60 59 64  0 65 58 66 61 62 70 69 72 68 67 73 74 75 71 80 79  0 78  2 77  3 76  1  4  5 12 11 10  6  8  7  9 14 15 16  0 17 19 21 20 18 23  0  0 25  0 28 26 30 29
  2 76  3 78 77 80 79 81  1  6 10  5  7  9 12  4  0  0 14 20  0 18 21 17 13 19 16 24 23 28  0  0 22  0 25 26 34 33  0 32 31 37  0 39 35 44  0  0  0 47  0  0 40  0 49  0 57  0  0  0  0 52 54 59 60 61 58  0 64 66  0  0  0  0  0 70 69 73 71  0 74
 47  0 48 42 41 44  0 45  0  0 55 50  0  0 57  0 53 56  0 65  0 63  0 62 58 64 61 69  0 73  0  0 67 75 70 71 79  0 81 77  0  0  2  3  0  0  0  9  0 11  5 12  4 10  0 14 21 20 19 15 17 16 18  0 24  0  0 26 28  0 29 27 32 31 36 34 33 37 35 39 38
 56 49 57  0  0 53 52  0 55  0  0 59 61  0 66  0  0 65  0 74 69 72  0 71 67  0 70 78 77  1 81  0 76  3 79 80  7  6  0  5  4 10 11 12  0  0  0  0  0 20 14 21  0  0 22 23 30 29 28  0  0 25 27 32  0  0 31 35 37 39 38  0 41 40 45  0 42 46 44  0  0
  0 67 75  0  0 71  0  0 73 78  0 77 79  0  0  0 80  2  0 11  6  9 12  8  4  0  7 15 14  0 18  0 13 21 16 17 25  0 27  0  0 28  0 30 26 35 34 36 33 38 32  0 31 37 40  0 48 47 46 42  0  0 45 50 51  0 49  0  0 57 56 54 59 58 63  0 60  0 62 66 65
 11  4 12  6  0  8  7  0 10 15 19  0  0 18 21 13  0 20 23  0 24 27 30  0  0 28 25  0  0 37 36  0 31 39  0 35  0 42 45 41 40  0 47 48  0 53 52  0  0 56 50  0 49 55 58 59  0  0 64 60  0 61 63 68 69 70  0  0  0 75  0 72  0 76  0 79 78  1  0  0  0
 20  0  0  0  0 17 16  0  0 24 28  0 25 27  0  0  0 29  0  0 33 36  0  0  0  0 34 42 41 46 45 47  0 48 43 44 52 51 54 50 49  0 56  0  0 62 61 63 60  0 59 66  0 64 67 68  0  0 73 69  0 70 72  0 78 79 76 80  1  0  2 81  5  4  9  0  0  0  8 12 11
 12  0  0  7  6  9  8  0  0  0  0 15 17 19 22  0 18 21 24  0  0 28  0 27  0 29 26  0 33 38  0  0 32 40 35 36 44 43 46 42 41 47 48 49 45 54 53 55 52 57 51 58 50 56 59 60 67 66  0 61 63 62 64 69 70 71  0 72  0 76 75 73 78 77  1 80 79  0 81  4  0
  3 77  0 79  0 81 80  1  0  7  0  6  8 10 13  5  9 12 15 21 16 19  0 18 14 20  0 25  0  0 28  0 23  0  0 27  0 34 37 33 32  0 39 40 36 45 44 46 43 48 42 49  0 47 50  0 58  0  0 52 54  0 55  0 61 62  0 63 65 67 66  0 69 68 73 71  0 74 72 76 75
  0 59 67 61 60  0 62 64  0 70 74 69  0 73 76 68 72 75  0  0 79  1  4 81  0  0  0  0  6  0  0 12  5  0  0  9 17  0 19  0 14 20 21  0 18 27 26 28 25 30  0  0 23 29 32 33 40  0  0  0 36 35 37 42  0 44 41  0 47 49 48 46 51 50  0 53  0 56 54 58 57
  0  0  0 70 69 72  0 73  0 79  2 78 80  1  4  0 81  3  6  0  7 10  0  9  5  0  8 16 15  0 19 21  0 22 17 18  0 25 28 24  0 29 30 31  0 36 35 37  0  0  0  0  0 38 41  0 49 48 47  0  0  0 46 51  0  0  0 54 56  0  0 55 60 59 64 62 61  0 63  0 66
 39 32  0  0 33 36 35 37 38 43  0  0 44 46 49  0 45 48  0 57 52 55 58  0 50 56 53 61 60 65 64 66  0 67 62 63  0  0 73 69 68 74 75 76 72  0 80  0 79  3 78  0  0  2  5  6 13 12 11  7  9  8 10 15 16 17 14  0 20 22 21  0 24 23 28 26 25  0 27 31 30
 21 14 22  0 15  0 17 19 20  0 29 24 26 28 31 23 27  0 33 39 34 37 40 36  0  0 35 43 42  0 46  0 41 49 44 45 53 52 55  0  0 56 57  0 54 63 62  0 61 66  0  0 59 65  0 69 76 75 74 70  0 71 73 78 79 80 77  0  2  0  3  1  6  5  0  8  7 11  0 13 12
  0 50  0 52  0  0 53 55 56  0 65 60 62  0 67 59 63  0 69 75 70  0 76  0 68  0  0 79  0  2  0  0 77  4 80 81  8  7 10  6  0 11 12 13  9 18 17  0  0  0 15 22 14  0 23 24  0 30 29  0  0 26 28  0 34 35 32 36  0  0 39  0  0 41 46  0  0 47 45  0 48
  0  0  0  0  0  0  0 28  0 34 38 33 35 37 40  0 36 39  0 48  0 46 49 45 41 47 44 52 51 56  0 57 50 58 53 54 62 61 64  0  0 65 66  0  0 72 71  0  0 75 69  0 68  0 77 78  4  3  2  0 81 80  0  6  7  0  5  9 11 13 12  0  0 14 19 17  0 20 18 22 21
  0  0 49 43 42 45  0  0 47 52  0 51 53 55  0 50 54 57 60 66 61 64 67 63 59  0  0 70 69  0 73 75 68 76 71  0 80  0  1 78 77  0  3  4 81  9  0  0  7 12  6 13  5  0 14  0 22 21 20 16 18  0  0 24 25 26  0 27 29  0 30 28  0  0 37 35  0 38  0 40  0
  0  0  5  0 79  1 81  2  3  8  0  7  0 11 14  0 10  0 16 22 17 20 23  0  0 21 18  0 25 30  0  0 24  0 27 28  0  0 38 34 33 39 40  0  0  0 45  0 44 49  0 50 42 48 51  0  0  0 57  0 55  0  0 61 62 63 60 64 66 68 67 65  0 69 74 72  0  0 73 77 76
  0 24 32  0 25 28 27 29  0 35 39  0 36  0 41  0 37  0 43  0 44 47  0  0 42  0 45  0 52  0 56 58 51 59  0  0  0  0 65 61 60 66 67 68  0  0 72 74 71 76 70 77 69  0 78 79  5  0  0 80  1 81  0  7  0  9  6 10 12  0  0 11 16 15 20 18 17  0 19 23  0
 58  0 59  0 52 55 54  0  0 62 66  0  0 65 68 60 64 67 70  0 71  0 77  0 69 75 72 80 79  0  2  4  0  5  0  1  9  0 11  7  6 12  0 14  0 19 18 20  0 22  0 23  0  0 24  0 32 31 30 26 28  0  0 34 35 36 33 37 39 41 40  0  0  0  0 45 44 48 46 50 49
 76 69 77  0 70 73  0  0 75  0  3 79  0  2  0 78  1  0  7 13  0  0 14  0  0 12  9 17 16 21 20  0 15 23 18 19 27 26 29  0 24  0 31  0 28  0  0 38 35 40 34 41 33 39 42 43 50 49 48 44 46  0 47  0 53 54 51  0  0 59  0  0 61  0  0 63 62 66 64 68 67
 40 33 41 35 34 37  0 38 39  0  0  0 45 47 50  0 46 49  0 58 53  0  0  0  0  0 54 62 61 66  0 67  0  0 63  0  0  0  0 70 69 75 76 77  0  1 81  0  0  4 79  0 78  3  6  7 14 13  0  8 10  9 11 16  0 18  0 19 21 23 22 20 25 24 29 27 26  0 28 32 31
 22 15 23  0 16 19 18  0 21 26  0 25  0 29 32 24 28 31 34  0  0  0 41 37  0 39 36 44  0  0  0 49  0  0  0 46  0  0  0  0  0  0 58 59 55 64 63  0 62 67 61 68  0  0 69 70 77 76 75 71 73 72  0  0 80  0 78  1  3  5  4  2  7  6  0  9  8 12 10 14 13
  0  6 14  8  0 10  9 11 12  0  0 16  0  0 23 15  0 22  0  0 26  0  0 28 24 30 27  0 34  0 38 40 33 41  0  0  0 44 47 43  0 48 49 50 46 55  0 56 53 58  0 59 51  0 60  0 68 67 66 62 64  0 65 70 71 72 69  0 75 77 76 74 79 78  0  0 80  3  0  5  4
  0 60 68 62 61 64  0  0 66 71 75 70  0 74  0 69 73 76 79  4 80  2  5  1 78  3 81  0  7 12 11 13  0  0  9  0 18 17 20  0 15 21 22 23 19  0  0 29 26 31 25 32  0 30 33 34 41 40 39 35 37 36 38 43 44 45 42  0  0 50 49 47  0  0  0 54  0  0 55  0 58
 49 42  0 44  0 46 45  0 48 53 57 52 54 56 59 51 55 58  0 67 62 65 68 64  0  0 63  0 70 75 74  0 69  0 72 73 81 80  2 79 78  3  0  5  1 10  9 11  8  0  7 14  0 12  0 16 23 22 21 17 19  0 20 25 26  0  0 28  0  0 31  0 34 33  0 36 35 39  0 41 40
  0 16 24  0 17 20 19 21 22  0 31 26 28 30  0  0 29 32 35  0  0  0 42  0 34 40 37 45 44  0 48  0 43  0 46 47 55 54 57 53 52 58 59 60  0 65 64  0  0  0 62 69 61  0 70 71  0  0 76  0  0  0 75 80 81  0 79  2  4  6  0  3  8  0 12 10  9  0 11 15 14
 32 25 33 27 26 29 28  0 31  0 40 35 37  0 42  0 38  0 44  0 45 48 51 47 43  0 46 54 53  0 57  0  0 60  0  0  0 63 66 62 61 67 68 69 65 74  0  0 72 77 71 78 70 76 79 80  0  5  4  0  2  1  0  8  9 10  7  0 13 15  0  0 17  0 21 19 18 22 20 24 23
  0 70 78 72 71  0 73 75 76 81  4 80  1  3  0 79  0  0  8 14  0 12  0  0  7 13 10  0 17 22 21 23 16 24 19 20 28 27  0 26 25  0 32 33 29 38 37  0 36 41 35 42 34  0 43 44 51 50  0  0 47 46 48 53  0  0  0  0 58 60  0 57  0  0 66 64  0 67 65 69 68
  0 43 51  0  0 47 46  0 49 54  0 53 55 57 60 52 56 59 62 68 63 66 69 65  0 67 64  0  0 76  0 77 70 78  0  0  1  0  0 80 79  0  5  6  0 11  0 12  9 14  0 15  7  0 16 17 24  0 22 18 20 19  0 26  0  0 25 29  0 33  0 30 35  0 39 37  0  0  0 42 41
 68 61  0  0 62  0 64 66 67 72 76 71  0  0 78 70 74 77  0  5 81  3  0  2 79  4  1  9  8 13 12  0  7 15  0 11  0 18  0  0 16 22 23 24  0 29 28 30 27  0 26 33 25 31  0 35  0  0  0  0  0  0 39 44 45  0  0 47  0 51 50  0  0 52 57 55 54 58  0 60 59
  0 79  6 81 80  2  1  0  4  9 13  8 10  0  0  7 11 14 17  0  0 21 24 20 16 22 19 27 26  0  0 32 25 33  0  0 37 36 39 35 34 40 41 42 38 47 46  0  0 50  0 51  0 49 52 53 60  0 58 54 56 55 57  0  0 64 61 65 67 69 68 66 71 70 75 73 72 76 74 78  0
 59 52  0 54 53 56  0 57  0 63 67 62 64 66 69 61 65 68 71 77 72 75 78 74 70 76 73 81 80  4  3  0 79  6  0  2 10  9 12  8  7 13  0 15 11  0 19  0  0 23 17 24 16 22  0 26 33 32 31  0 29 28 30 35 36 37 34 38 40 42  0 39 44 43  0 46 45 49  0 51 50
  0 34 42 36  0  0 37 39  0  0  0  0 46 48  0 43  0  0 53 59 54 57 60 56  0 58  0  0  0 67 66  0 61 69 64 65 73 72 75 71 70 76 77 78 74  0  1  3  0  5  0  6 79  4  0  8  0 14  0  0  0 10 12  0 18  0 16 20 22 24 23 21  0  0 30  0 27 31 29  0 32
  0  7  0  9  8  0  0  0  0  0 22 17  0 21 24  0  0 23  0 32  0 30 33 29 25 31 28 36 35 40  0 41 34 42 37 38 46 45 48 44 43 49 50 51 47  0 55  0  0 59 53 60 52 58  0 62 69 68  0 63 65  0 66 71 72  0  0 74 76 78 77 75  0 79  0  0 81  4  0  6  5
 33 26 34 28 27  0  0 31 32  0 41 36  0 40  0 35 39 42 45 51 46 49 52  0  0  0  0 55 54  0  0  0 53 61 56 57 65  0 67 63  0 68 69 70 66  0 74 76 73  0 72 79  0 77 80 81  0  6  5  1  3  2  0  0  0 11  8  0  0 16 15 13 18 17 22 20 19 23 21  0 24
 78 71 79  0 72 75  0 76 77  1  5 81  2  4  7 80  3  6  9 15 10  0 16  0  8  0 11 19 18  0  0 24 17 25 20 21 29 28 31  0  0 32 33  0 30 39  0 40 37  0 36  0  0  0 44 45  0  0  0 46  0  0  0 54  0 56 53  0 59  0  0 58  0  0 67 65 64  0 66 70 69
  0 80  0  0 81  3  2  4  0 10 14  9 11 13 16  8 12 15  0 24  0 22  0 21  0 23 20  0  0 32  0 33  0 34 29 30 38 37 40 36  0 41 42  0  0 48  0 49 46 51  0 52 44  0 53 54 61 60 59 55 57 56  0 63 64 65 62 66  0  0 69  0  0 71 76 74 73  0 75 79 78
 60  0 61 55 54  0 56 58  0 64  0 63 65 67 70 62 66  0  0 78 73 76 79 75 71  0  0  0 81  0  0  6  0  7  2  3 11 10  0  0  8  0  0  0  0  0 20  0  0  0 18 25 17 23  0 27 34 33 32  0  0  0 31 36 37  0 35 39  0  0  0 40 45 44 49  0  0 50 48 52 51
  0 62 70 64  0 66 65  0 68 73 77  0 74 76 79 71 75 78 81  6  1  4  7  3 80  0  0 10  0 14  0 15  8  0 11 12  0 19  0 18  0  0 24  0 21  0  0 31 28 33  0  0  0 32  0  0 43 42 41  0 39 38  0 45 46 47 44 48  0 52 51  0 54  0 58 56  0  0  0 61 60
  0 35  0 37  0  0 38 40 41  0  0 45  0 49 52 44 48 51 54 60 55  0  0 57 53 59 56  0 63 68 67  0  0 70 65 66 74 73 76 72 71 77 78  0 75  3  2  4  0  0  0  7 80  5  8  0 16 15 14 10 12  0 13 18 19  0  0 21 23 25 24 22 27 26  0 29  0  0 30 34  0
  0 44 52 46  0  0 47 49 50 55  0 54  0  0  0 53 57 60 63 69  0 67 70 66 62 68 65  0 72  0 76 78  0  0 74 75  2  1  4 81 80  5  6  7  0 12 11 13  0 15  0 16  8 14  0  0 25 24  0 19 21  0  0 27 28  0 26 30  0 34 33 31  0 35 40 38 37 41  0 43  0
 24 17  0  0 18 21 20 22  0  0 32 27  0 31 34 26 30 33  0  0 37 40 43 39  0 41 38 46  0 50 49 51 44 52  0 48 56  0  0 54 53 59 60 61 57  0  0 67 64 69 63 70 62  0 71 72  0 78 77 73  0  0 76  0  1  2 80  3  5  7  6  0  9  8 13  0 10 14  0 16  0
  0  0  0 10  0 12 11  0 14 19 23 18 20 22 25  0 21 24 27  0  0 31 34 30  0 32 29 37 36 41 40  0 35  0 38  0 47 46 49 45 44 50  0  0  0 57 56 58 55  0  0 61  0 59 62 63 70  0 68  0  0  0 67  0  0  0  0 75  0 79 78 76 81 80  4  2  1  0  0  7  0
 70 63  0 65 64  0 66 68 69  0 78 73 75 77 80  0 76 79  1  7  2  5  8  0  0  0  3 11 10 15 14 16  9 17 12 13  0 20 23  0 18  0  0 26 22 31 30 32 29 34 28 35 27 33  0 37 44  0 42  0 40  0 41  0 47 48 45 49 51 53 52  0 55 54 59 57 56 60 58 62  0
 34  0 35 29 28 31  0  0 33 38 42  0 39 41 44 36  0 43 46 52 47 50  0  0 45  0 48 56 55 60 59 61 54  0 57 58 66 65  0  0 63 69 70  0  0 76 75  0 74  0  0 80 72 78 81  1  0  0  0  2  4  3  5 10 11  0  9 13 15 17  0 14 19  0  0 21 20  0  0  0  0
 61 54 62  0 55 58 57 59 60  0  0  0 66  0 71 63  0 70 73 79 74 77  0  0 72 78  0  2  0  0  0  7  0  8  3  0 12 11 14  0  0 15  0 17 13 22 21  0 20  0 19 26 18  0  0  0 35  0  0 29 31 30  0  0 38 39 36 40 42  0  0 41 46 45 50 48 47  0 49  0  0
  0 45 53 47  0 49 48 50  0  0 60  0 57 59  0  0 58 61  0 70 65 68  0 67 63  0 66 74 73 78 77 79 72 80 75  0  0  2  5  1 81  0  0  8  0  0  0 14 11 16  0  0  9 15 18 19 26 25  0 20 22 21 23 28  0 30 27 31 33 35 34 32 37 36 41 39  0 42  0 44 43
 43 36 44 38  0 40 39 41 42 47  0  0  0 50 53 45  0 52 55 61 56 59  0 58 54 60 57 65  0 69  0 70 63 71 66 67 75 74 77 73  0 78 79  0  0  0  3  5  2  7  1  8  0  0  0 10  0 16 15 11 13  0 14 19  0  0  0  0 24 26  0 23 28  0 32 30  0 33 31 35  0
  7  0  8  0  1  4  3  5  0 11 15 10 12 14 17  0 13  0 19  0 20 23  0 22  0 24 21 29 28 33 32  0  0 35 30 31 39 38 41 37 36  0  0  0 40  0 48  0 47 52 46 53  0 51 54  0 62 61  0 56 58  0 59 64 65 66  0 67 69  0  0 68  0  0 77  0 74  0 76 80 79
 25 18 26 20  0 22 21 23 24 29  0  0 30 32 35  0 31 34 37  0 38 41 44 40  0 42 39 47  0  0 50  0 45 53  0 49  0 56 59 55 54 60 61  0 58  0 66  0  0 70 64 71 63 69  0 73 80 79 78 74 76  0 77  1  2  3 81  0  6  8  7  0 10  0 14 12 11  0  0  0 16
  0  0  0 11  0  0  0 14  0 20 24 19  0 23 26  0 22  0  0  0 29  0 35 31 27 33  0  0 37 42  0  0  0 44 39 40 48 47  0 46  0 51 52 53 49  0  0 59  0 61  0 62 54 60 63  0  0 70 69 65 67 66 68  0 74 75 72 76 78 80  0 77  1  0  0  3  2  0  4  8  0
  0 72 80 74 73  0  0 77  0  0  0  1  0  0  8  0  4  7  0 16 11 14 17 13  9  0 12 20 19 24 23 25  0 26 21 22 30  0 32  0  0 33 34 35 31 40 39 41 38 43 37  0 36 42 45 46 53 52 51 47 49 48  0  0 56 57  0 58 60  0 61  0 64 63  0 66 65 69 67 71 70
