9
 72 69 67 68 70 64 66 65 71  0 74  0 76 73 77 81 80  0  3  2  0  0  1  0  7  8  6 13  0  0 10  0 16 17 18  0  0 21 25 24 26  0 22 20 27 36  0 31 32 30  0 29 28  0  0 44 40 37  0 39  0 38 45 49 47  0 48 46 52 51 50 53  0  0 59  0  0 63 55 61  0
 81 78 76 77  0  0 75 74 80  6  2  7  0  0  5  9  8  0 12 11 13 18 10 14  0 17  0 22 20 21 19 23 25 26 27 24 32  0 34 33 35 28 31 29 36 45  0 40 41 39  0 38  0 44 50  0 49 46  0 48 51 47 54 58 56 63 57  0 61 60 59 62  0 69 68 66 71 72 64  0 67
  0 24  0 23 25 19 21 20 26 33  0 34 31  0 32 36  0 30 39 38 40 45 37  0  0 44  0 49  0  0 46 50 52 53 54 51 59 57 61 60 62 55 58 56 63 72 69 67 68 66 70 65 64 71  0 80 76 73 79  0 78 74 81  4  2  9  3  0  7  6  0  8 11 15  0 12 17 18 10 16 13
 18 15  0 14 16 10  0 11 17 24  0 25 22  0  0 27 26 21 30 29 31 36 28 32 34  0 33 40  0 39  0 41 43 44 45 42 50 48 52  0 53 46 49 47 54 63 60 58 59 57  0 56 55 62 68  0 67 64 70 66  0 65 72 76 74 81 75 73  0  0 77 80  2  6  5  0  8  9  0  0  4
 45  0 40 41 43 37 39  0 44 51 47 52  0 46 50 54 53  0 57  0 58  0 55 59 61 62  0 67 65 66 64 68 70 71 72 69 77 75 79  0 80  0 76 74 81  9  0  4  5  3  7  2  1  8 14 17 13 10 16 12 15 11 18 22 20  0 21 19 25 24 23 26 29  0  0  0 35 36 28 34 31
 54 51  0 50  0  0 48 47 53 60  0 61  0 55  0 63 62  0  0 65 67 72 64 68 70 71 69 76 74 75 73 77 79 80  0 78  0  3  0  0  8  1  0  2  9  0 15  0 14 12  0 11 10 17  0 26  0  0  0  0 24 20 27  0 29 36  0 28 34 33 32 35 38 42  0 39 44 45 37 43 40
  9  6  0  0  7  0  3  2  8 15 11 16  0 10 14  0 17 12  0 20  0 27 19 23 25 26 24 31 29 30 28 32  0 35 36 33 41  0 43  0  0 37 40  0 45 54 51 49  0 48 52 47 46 53  0  0  0  0 61  0 60 56 63 67 65 72 66 64 70 69 68 71 74  0 77 75 80 81 73 79 76
  0  0 31  0 34  0 30 29 35 42 38 43  0 37 41 45  0  0 48 47 49  0  0 50 52  0  0  0 56  0  0  0 61  0  0 60 68 66  0  0 71 64 67 65 72 81 78 76 77  0 79 74 73 80  0  0  4  1  7  0  6  0  9  0 11 18 12  0 16 15 14  0 20 24  0 21  0  0 19  0  0
 63 60  0 59 61 55 57 56  0  0 65 70 67 64 68  0 71 66  0 74 76 81  0 77 79 80 78  4  2  3  1  5  7  8  9  6 14 12 16  0 17 10  0 11 18 27  0 22  0 21 25 20 19 26  0 35 31  0 34 30  0 29 36  0  0 45  0 37  0 42 41 44 47 51 50 48  0 54  0 52 49
 37 34 32  0  0 29 31 30 36 43  0 44 41 38 42 46  0 40 49 48  0 55  0 51 53 54 52  0 57 58  0 60  0 63 64 61 69 67 71 70 72 65 68 66 73  0 79  0 78 76 80  0 74 81  6  9  5  2  8  0  7  3 10 14 12  0 13  0 17 16 15 18  0 25 24 22 27  0 20  0 23
 46 43 41 42 44 38 40 39 45 52 48  0 50 47  0 55  0 49  0 57 59 64 56  0  0 63 61 68 66 67  0 69 71 72  0 70  0 76 80  0 81  0 77 75  1 10  7  5  0  4  8  3  2  9  0  0 14 11 17  0  0  0  0 23 21 28 22 20  0  0 24  0  0 34 33 31 36  0 29 35  0
  0 16  0 15 17 11 13  0  0 25 21 26 23 20  0 28 27  0  0 30 32  0 29  0  0 36 34 41  0  0 38  0  0 45 46 43 51 49 53 52 54  0 50 48  0 64 61  0 60 58  0 57 56  0 69 72 68 65 71 67 70 66 73 77 75  1 76 74 80  0 78 81  3  7  6  4  9 10  2  0  0
  0 52  0  0  0 47 49 48 54 61 57  0 59 56 60 64 63 58 67  0 68 73  0 69 71 72 70  0 75 76  0 78 80 81  1 79  6  4  0  7  9  2  0  3 10 19  0 14  0  0 17  0 11 18 24 27 23 20 26 22 25 21 28 32 30 37 31 29  0  0 33 36  0  0 42 40 45 46  0 44  0
  0 61 59 60 62 56 58 57 63  0 66  0 68 65 69 73 72 67  0 75 77  1 74 78 80 81 79  5  3  0  2  6  0  0 10  7  0 13 17  0  0 11 14 12 19 28 25 23 24 22  0 21 20 27 33  0 32 29 35  0 34 30  0  0 39 46 40  0 44 43  0 45 48 52 51 49 54  0 47 53 50
 73 70 68 69  0  0 67  0 72 79 75 80 77  0 78  0 81 76  4  3  0 10  2  6  8  9  7 14 12 13 11 15  0 18 19 16 24 22 26 25 27  0  0  0 28 37 34  0 33 31 35 30 29 36  0 45 41 38 44  0  0  0 46  0 48 55 49 47 53  0 51  0 57 61 60 58  0 64  0 62  0
 28 25 23 24 26 20 22 21 27  0 30 35 32 29 33 37 36  0 40  0 41  0  0  0 44 45  0 50 48 49  0 51 53  0  0  0 60 58  0  0 63  0  0 57  0 73  0 68 69 67  0 66  0 72 78 81 77 74  0 76 79  0  0  5  3 10  4  2  0  7  6  9 12 16  0 13 18  0 11 17 14
  1  0  0 78  0 74 76 75 81  7  3  8  5  2  0 10  0  4 13 12  0 19 11 15 17 18 16 23 21 22  0 24 26 27 28  0 33 31  0 34 36 29  0 30 37 46 43 41  0 40 44  0 38 45 51 54 50  0 53 49  0 48 55 59 57 64 58 56 62 61 60 63  0 70 69 67 72  0 65 71  0
 10  7  5  6  8  2  4  3  9  0 12 17  0 11 15 19 18 13 22 21  0 28 20 24 26  0 25 32 30  0  0  0 35 36 37 34 42  0 44 43 45 38 41  0 46 55  0 50 51 49  0 48 47 54 60  0 59  0 62 58  0 57  0 68 66 73  0 65 71  0 69 72 75 79 78 76 81  1  0 80 77
  2 80  0  0 81 75  0 76  1  8  4  9  6  3  7 11 10  5 14 13 15 20 12 16 18  0 17 24 22 23 21  0 27 28 29  0 34 32 36 35 37 30 33 31 38 47 44 42 43  0 45 40 39 46 52 55 51  0 54 50 53 49  0  0  0  0 59 57  0 62 61 64 67  0 70 68 73 74 66 72 69
 38 35 33 34 36 30 32  0 37 44 40 45  0  0  0 47 46  0  0 49 51 56 48 52 54 55 53  0 58 59  0 61 63 64 65  0 70 68 72 71 73 66 69 67 74  2  0 78 79 77 81 76  0  1  7 10  6  0  9  5  8  4 11  0 13 20 14 12 18  0 16  0 22  0 25  0 28 29  0 27 24
  0  0  0 52  0  0 50 49 55 62 58 63 60 57  0 65 64 59  0  0 69  0 66  0 72 73  0 78  0 77 75 79 81  1  2 80  0  5  0  8 10  0  6  4 11 20 17 15 16 14  0 13 12 19 25 28 24 21 27  0 26 22 29 33 31 38 32  0 36 35 34  0 40  0 43  0 46 47  0 45 42
 74 71 69  0 72 66  0 67 73  0  0 81 78  0 79  2  1 77  5  4  6 11  0  7  9  0  8  0  0 14  0  0 18 19  0  0  0 23  0 26 28  0 24 22 29 38 35 33 34 32 36 31  0 37 43  0 42  0 45  0 44 40  0 51 49 56 50  0 54  0 52  0  0  0  0 59 64  0  0 63 60
 47 44 42  0 45 39 41 40 46 53 49 54  0 48 52  0 55 50 59  0 60 65 57 61  0  0 62 69 67 68  0 70 72  0 74 71  0 77 81 80  1 75 78  0  2 11  8  6  7  5  9  0  3  0 16 19 15  0  0 14 17 13 20 24 22 29  0 21 27  0 25 28  0 35 34 32 37 38  0 36 33
 29  0 24  0 27 21 23 22 28 35 31  0  0 30 34 38 37 32  0  0 42 47 39 43  0 46  0 51 49 50 48 52 54  0 56 53 61 59 63 62  0  0  0 58 65 74 71  0 70 68 72 67 66 73 79  0  0  0 81  0  0 76  2  6  4 11  0  3  9  8  7 10 13  0 16  0 19 20 12 18 15
 20 17 15 16 18 12 14  0 19  0 22 27 24 21 25 29  0 23  0 31 33 38 30 34 36 37 35 42 40 41 39  0 45  0 47 44  0 50 54 53 55 48  0 49 56 65 62 60  0  0  0 58 57 64 70 73  0 66 72 68 71 67  0 78 76  2  0 75 81  0 79  1  4  8  0  5 10 11  3  9  6
 65  0 60 61 63  0 59 58 64 71  0 72 69 66 70 74 73 68 77 76 78  2  0  0 81  0 80  6  4  5  3  7  9 10 11  8 16 14 18  0 19 12 15 13  0 29 26  0 25 23 27 22 21 28 34 37 33 30 36 32 35 31 38 42 40 47 41 39 45 44 43  0 49 53 52 50 55  0  0  0 51
 11  0  6  7  9  3  5  4 10 17 13 18 15 12 16 20 19 14 23 22 24 29 21 25 27 28  0 33  0 32 30 34 36 37 38 35 43 41  0 44 46 39  0 40 47 56  0  0 52 50 54 49 48 55 61 64  0  0 63 59 62  0  0  0 67 74 68 66 72 71 70  0 76 80 79  0  1  2  0 81 78
 39 36  0 35 37 31 33 32  0  0  0 46  0  0  0 48 47  0 51 50 52 57 49 53 55 56 54 61 59 60 58 62 64 65 66  0 71 69 73 72 74 67 70 68 75  3 81 79 80 78  1 77 76  2  8 11  7  4 10  6  9  5 12 16 14 21 15  0 19 18 17 20 23  0 26  0 29 30 22 28 25
 48 45  0 44  0  0 42 41 47  0 50 55  0 49 53 57 56  0 60  0 61  0 58 62 64 65 63 70 68 69 67 71 73  0 75  0  0  0  0 81  2  0 79 77  3 12  9  0  0  0 10  5  4 11 17 20 16  0 19 15 18 14 21  0 23  0 24  0 28 27 26 29 32 36 35 33 38 39 31 37 34
  0 18 16 17  0  0  0  0 20 27 23 28 25  0  0  0 29 24 33  0 34  0 31  0  0  0 36 43 41 42  0 44 46 47 48 45  0 51  0 54 56 49 52 50 57 66 63 61 62 60 64 59  0  0  0  0 70 67 73 69 72 68  0 79  0  0 78 76  1 81 80  2  5  9  8  0 11 12  4  0  0
 66  0 61  0 64  0 60  0 65 72 68 73 70 67 71 75 74 69 78 77 79  3 76  0  1  0  0  7  0  6  4  0 10  0 12  9  0 15 19 18 20 13 16 14  0  0 27 25 26 24 28  0 22 29  0 38 34  0  0 33  0 32 39 43  0 48 42 40 46 45  0  0  0 54 53 51 56 57 49 55 52
  3 81 79 80  1 76 78 77  2  9  5 10  7  4  8 12 11  6 15 14 16 21 13 17 19 20 18 25 23 24 22 26 28  0  0  0 35 33 37  0  0 31 34 32 39  0 45  0 44  0  0 41 40 47  0  0 52 49  0  0 54 50 57 61 59 66 60 58 64  0  0  0  0  0 71 69 74 75  0 73 70
 75  0  0 71 73 67  0  0 74  0 77  0 79  0 80  0  2 78  6  0  7 12  4  8  0 11  9 16 14 15 13 17  0 20 21 18 26  0 28 27  0  0 25  0 30 39 36 34 35 33 37 32 31 38  0 47  0 40 46 42 45  0 48  0 50 57 51 49  0 54 53 56 59 63 62 60 65 66 58  0  0
 12  0  7  8 10  4  6  0 11 18  0 19  0 13  0 21 20 15 24 23 25 30  0  0 28  0 27  0  0 33 31 35 37  0 39 36 44 42  0 45 47 40  0 41 48  0 54 52 53  0 55 50 49 56  0 65 61 58 64 60 63 59  0 70 68 75 69  0  0 72  0  0  0  0 80 78  0  3 76  1 79
  0 27  0 26 28 22 24 23 29  0  0 37 34 31 35  0  0 33  0 41 43 48 40  0 46 47 45 52 50 51 49 53  0  0  0 54 62 60 64 63 65 58  0  0 66 75 72 70 71  0  0 68  0  0  0  2 79 76  1 78 81 77  3  7  5  0  6  4 10  9  8 11 14  0 17 15 20 21 13 19 16
 57 54 52 53 55 49  0  0 56  0 59  0 61  0  0 66 65  0 69  0 70  0 67 71  0 74 72 79 77 78 76 80  1  2  3 81  8  6 10  0 11  4  7  5 12 21 18  0 17 15  0 14 13 20 26 29 25 22 28  0 27 23 30 34 32 39 33 31 37  0 35 38 41 45 44 42  0  0 40 46  0
  0  1 80 81  0 77 79 78  3 10  6  0  8  5  9 13 12  7 16 15  0  0 14 18 20 21 19 26  0 25 23 27 29  0  0 28 36 34  0 37 39 32  0 33 40 49 46 44 45 43 47 42  0 48 54  0  0 50  0 52 55  0 58 62 60 67 61  0 65  0 63 66 69 73 72 70 75 76 68 74 71
  0 28  0  0  0  0  0 24  0 37 33 38 35 32 36 40 39 34 43 42 44 49 41 45 47 48 46 53 51 52 50 54 56 57 58  0  0 61 65 64 66  0 62  0  0  0  0 71 72  0 74 69 68 75 81  3 80 77  2  0  1 78  4  0  6 13  7  5 11  0  9 12  0 19 18  0 21 22 14 20 17
  0 73  0 72  0  0 70 69  0  1 78  2 80 77 81  4  3 79  7  6  8  0  5  9  0  0 10 17 15 16  0 18  0 21 22 19  0 25 29 28 30 23  0 24 31  0 37 35 36  0 38  0 32 39  0 48  0 41 47  0 46  0 49 53 51  0  0  0 56 55 54  0 60 64 63 61 66  0 59 65 62
 67 64 62  0  0 59 61 60 66 73 69 74  0 68 72 76 75 70 79 78  0  4 77 81  0  0  1  0  6  0  5  9 11 12 13  0 18 16 20 19 21 14 17  0 22  0 28 26 27 25 29 24 23 30 36 39 35 32 38  0 37 33 40 44 42 49 43 41 47 46  0 48 51 55 54  0 57 58 50 56 53
 49  0 44 45 47 41 43 42  0 55 51  0 53 50 54  0 57 52 61 60  0 67 59 63  0 66 64 71 69 70 68 72  0 75 76 73 81  0  0  1  3 77 80 78  4 13  0  8  9  7 11  6  5 12 18 21  0 14 20 16  0  0 22 26 24  0 25  0 29 28 27 30  0 37  0  0  0 40 32 38 35
  0  0  8  9 11  5  7  6 12 19 15  0 17  0 18 22 21  0  0 24 26  0  0 27 29  0 28 35 33  0 32 36 38 39 40  0 45 43 47 46 48 41 44 42 49 58 55 53 54 52 56 51 50 57 63 66 62 59  0 61 64 60 67 71 69 76 70  0  0 73 72 75 78  1 81 79  3  4 77  2 80
 58 55 53  0 56 50 52  0  0  0 60 65 62 59 63 67  0  0 70 69  0 76 68  0  0 75 73 80  0 79 77 81  2  0  4  1  9  7 11 10 12  0  8  6 13 22 19 17 18  0  0 15 14  0  0 30 26 23 29 25 28 24  0 35  0  0 34 32  0  0 36 39 42 46 45 43 48  0 41 47  0
 40 37 35 36 38 32  0 33 39 46  0  0 44 41 45 49 48 43 52  0 53 58 50 54 56 57 55 62 60 61  0 63 65 66 67 64 72  0 74 73 75 68  0 69 76  0  0 80  0 79  2 78  0  3  9 12  8  5 11  7 10  6 13 17 15 22 16 14 20  0  0 21 24 28 27 25 30 31 23 29 26
 22 19 17  0 20 14 16 15 21 28 24 29 26 23 27 31  0  0 34 33 35 40  0 36 38 39 37 44 42 43 41 45  0  0 49 46 54 52 56 55 57 50 53 51  0  0  0 62 63 61 65  0 59 66  0 75 71  0 74 70 73 69 76 80 78  0 79 77  2  1 81  3  6 10  9  7 12 13  5 11  8
  0 47 45 46 48 42 44  0 49 56 52 57 54 51 55 59 58 53 62  0 63 68 60 64  0 67 65 72 70  0 69 73 75  0 77 74  1 80  3  2  0 78 81 79  5 14 11  9 10  8 12  7  0 13 19 22  0  0 21 17 20 16 23  0 25  0 26  0  0  0 28 31 34  0 37 35 40 41 33 39 36
 14 11  9 10 12  6  8  0  0  0 16  0 18 15 19 23 22  0 26  0 27  0 24 28 30  0  0  0 34  0 33  0  0 40 41 38 46 44 48 47 49  0  0 43 50 59 56  0 55 53  0  0 51 58 64 67  0 60 66 62 65  0 68 72 70 77 71 69 75 74  0 76 79  0  0 80  4  5 78  3  0
 32 29 27 28  0 24  0 25 31  0  0 39 36  0 37 41  0 35 44 43 45  0 42  0  0  0 47  0 52  0 51  0  0 58 59 56  0  0 66 65 67 60  0 61 68 77 74 72  0 71  0 70 69 76  1  0 81 78  0 80  0 79  5  9  7  0  8  6 12 11 10  0 16 20 19 17  0 23 15  0 18
 59  0 54 55 57 51  0 52 58 65  0 66  0 60 64 68 67 62 71 70 72 77 69 73 75  0  0  0 79 80 78  1  0  4  5  2 10  0 12 11  0  6  9  7 14 23 20 18 19  0  0  0  0 22 28 31  0 24 30 26  0  0 32 36 34 41 35 33 39 38 37 40  0  0 46 44 49 50  0 48 45
 23  0 18 19 21 15 17 16 22 29 25  0  0 24 28 32 31 26 35 34 36 41  0 37 39  0 38  0  0 44  0 46  0 49  0  0 55  0  0  0 58  0  0 52 59 68  0 63 64 62  0 61  0 67 73 76 72 69 75 71  0 70 77  0 79  5 80 78  3  2  1  4  7  0 10  8 13 14  6 12  9
 68 65  0 64 66 60 62 61  0 74 70 75 72 69 73  0 76 71 80 79 81  5 78  1  3  4  2  9  7  0  0  0 12 13  0 11 19 17 21 20 22 15 18  0 23 32 29 27 28 26 30 25  0 31 37 40 36 33 39 35 38 34 41 45 43 50 44 42  0 47 46 49  0 56 55  0 58  0  0 57 54
 77  0  0 73 75 69  0 70 76  2 79  3  0 78  1  0  0  0  0  7  9 14  0 10 12 13  0 18 16 17 15 19 21  0 23 20 28 26  0 29 31 24 27 25 32 41 38  0  0 35 39 34 33 40 46 49  0 42 48 44 47 43 50 54  0 59 53 51  0  0 55  0 61  0 64 62 67 68  0 66 63
  5  2 81  1  3 78  0 79  4 11  7  0  0  0 10 14  0  8 17 16 18 23  0 19 21 22 20 27 25  0 24 28 30  0 32  0  0 35 39 38 40 33  0 34  0 50  0 45  0 44 48  0 42 49 55  0  0 51 57 53  0  0  0 63 61 68 62 60 66 65 64 67  0 74 73  0 76 77 69  0 72
 41 38  0 37 39 33 35 34 40 47  0 48 45  0 46 50 49 44 53  0 54  0  0  0  0 58 56 63 61 62  0  0 66 67  0  0  0  0 75  0 76 69  0 70 77  0  0 81  1  0  3 79 78  4 10 13  9  6  0  8 11  7 14 18 16 23 17 15 21 20 19 22 25 29 28 26 31 32 24 30 27
 51  0 46 47 49 43  0  0  0 57 53  0 55 52 56 60 59 54 63 62 64 69  0 65 67 68 66  0  0  0 70  0 76 77 78  0  0  0  0  0  5 79  1 80  6 15 12  0 11  9 13  0  7 14 20  0 19 16 22 18  0 17 24  0 26 33  0 25 31 30 29  0 35 39  0  0 41 42 34  0 37
 42 39 37  0  0 34 36  0  0 48  0  0 46 43  0  0 50 45 54 53  0 60 52 56 58 59 57 64  0  0 61 65 67  0 69 66 74 72 76 75 77 70 73 71 78  6  3  1  0  0  4  0 79  5  0 14 10  0 13  0 12  8  0  0  0 24 18 16 22 21 20 23  0 30 29 27 32 33  0 31  0
  0 57 55 56 58 52 54 53 59 66 62 67 64 61 65 69 68 63 72 71 73 78 70 74 76 77 75  0 80 81 79  2  4  5  6  3 11  9 13 12  0  7 10  8 15 24 21 19  0  0 22 17 16 23 29 32 28  0 31 27 30 26 33 37 35 42 36 34 40 39 38  0 44 48 47 45 50 51 43 49 46
  0  0  0  0  0  7  9  8  0 21 17 22  0  0  0 24 23 18 27  0 28 33 25 29 31 32 30 37 35 36 34 38 40 41 42  0 47 45 49 48 50 43 46 44 51 60  0 55  0  0 58 53 52 59 65 68  0  0 67 63 66 62 69  0 71 78 72  0 76 75 74 77  0  0  2 81  5  6 79  4  0
 24 21 19 20 22 16  0 17 23 30 26 31 28 25 29  0 32  0 36 35 37 42 34 38 40  0  0 46 44 45 43 47  0  0  0 48  0 54 58 57 59 52 55 53 60 69  0 64 65  0  0 62 61 68 74  0  0 70 76 72 75 71  0  1 80  6 81 79  4  3  2  0  8 12 11  9 14 15  0 13 10
 33  0 28 29 31 25 27 26 32 39 35 40 37  0 38 42  0 36 45 44 46 51 43 47  0  0 48  0 53 54  0  0  0  0 60 57 65 63 67 66 68 61  0 62 69 78  0  0 74 72 76 71 70 77  2  5  1 79  4  0  0 80  0 10  8 15  9  7 13 12  0  0 17 21 20 18 23 24 16 22 19
 78 75 73 74 76 70 72 71  0  3 80  4  1 79  2  0  5 81  0  8 10  0  7  0 13 14 12 19 17 18 16 20 22 23 24 21 29 27  0  0 32 25 28 26 33 42  0 37 38 36  0 35 34 41 47 50 46 43  0 45 48 44 51 55 53 60  0  0 58 57  0  0  0 66 65  0 68 69  0 67 64
  6  0  1  2  4 79 81 80  5  0  8 13 10  7 11  0 14  9 18 17 19 24 16 20 22 23 21  0 26 27 25 29 31 32 33  0 38 36 40 39 41 34 37 35 42 51 48 46 47  0 49  0  0 50 56  0 55 52 58 54 57 53 60 64  0 69  0 61 67 66 65 68 71 75 74 72  0 78 70 76 73
  0 66 64  0 67 61 63 62 68 75 71 76  0 70 74 78 77 72 81  0  1  0 79  2  4  5  3  0  8  9  7 11 13  0 15 12  0 18 22  0 23 16 19  0 24 33 30 28 29 27 31 26 25  0  0  0  0  0 40  0 39 35  0  0 44 51 45  0  0 48 47 50  0 57  0 54 59 60 52 58 55
  0 13 11 12 14  0 10  9  0 22 18 23 20  0 21 25 24 19  0 27 29 34  0 30 32  0 31 38 36 37 35 39 41  0 43 40  0 46 50 49 51 44 47 45  0 61 58 56 57 55 59 54 53 60 66 69  0 62 68  0 67 63 70  0  0 79  0  0  0 76 75 78 81  4  0  1  0  7 80  0  2
 70  0 65 66 68 62 64  0  0 76  0 77 74 71 75 79 78 73  1 81  2  7 80  3  0  6  4 11  0 10  8 12 14 15 16  0 21 19  0 22 24 17  0 18  0 34 31  0  0 28 32  0  0 33 39 42 38  0 41  0  0  0 43 47 45 52 46 44  0 49 48 51 54 58 57 55 60 61 53  0 56
 34 31  0  0 32 26 28 27 33 40 36 41  0 35 39  0 42  0 46 45  0 52  0 48 50 51 49 56 54 55 53 57  0  0 61  0 66  0 68 67 69  0 65 63 70 79 76 74 75 73 77 72  0  0  3  6  2 80  5  1  4 81  7 11  9 16  0  8  0 13  0 15 18 22 21 19 24  0 17 23 20
  0 40 38  0 41 35 37  0  0 49 45  0  0 44 48 52 51  0 55 54 56  0 53 57 59 60  0 65 63  0  0 66 68 69 70 67 75 73 77 76 78 71 74 72  0  7  4  2  3  0  5 81 80  0 12 15  0  8 14 10 13  9 16  0 18 25 19  0 23 22 21 24 27  0 30 28  0 34 26  0 29
 79 76  0 75 77 71  0 72 78  4 81  5  2 80  3  7  6  1 10  9 11 16  8 12 14 15  0 20 18 19 17 21  0 24 25  0 30 28 32 31 33 26 29 27  0  0 40 38 39 37  0 36  0  0  0  0  0 44  0 46 49 45 52 56 54  0  0 53 59 58  0  0 63 67 66 64 69 70  0  0 65
 52 49 47 48 50 44 46  0  0  0 54  0  0 53 57  0 60 55 64 63 65 70 62 66 68 69 67 74 72 73  0 75  0 78  0 76  0  1  5  4  6 80  2 81  7 16 13 11 12  0 14  9  8 15 21 24  0  0  0 19  0 18 25  0 27 34 28 26 32 31 30 33  0 40  0 37 42 43 35 41 38
  0 22 20 21  0 17  0 18 24 31 27 32  0 26 30 34 33 28 37  0 38 43  0 39 41  0 40  0  0 46 44 48 50 51 52 49 57  0 59 58 60 53 56 54 61 70 67  0 66 64  0 63 62 69 75 78 74 71 77 73 76 72  0  2  0  7  1 80  5  0  3  6  9 13  0 10  0 16  8 14  0
  0  4  2  3  5 80  0 81  0 13  9 14 11  8 12 16 15 10 19  0 20  0  0 21 23 24 22 29  0  0  0 30 32 33 34  0  0 37 41 40 42  0 38 36  0 52 49  0 48 46  0  0 44 51 57 60 56 53 59 55  0 54 61 65 63  0 64 62  0  0 66 69 72 76 75 73 78 79 71  0 74
 61 58 56 57  0  0 55 54 60 67 63 68 65 62 66 70  0 64 73 72  0 79 71 75  0 78 76  2 81  1  0  3  0  6  7  0  0 10  0 13  0  8 11  0 16 25  0 20 21  0 23 18 17  0 30 33  0  0 32  0 31 27 34  0 36  0 37 35 41 40 39  0 45 49 48  0 51 52 44 50  0
 26 23 21 22 24 18 20  0 25 32  0  0 30 27 31 35 34 29 38 37 39 44  0 40 42 43 41  0  0 47 45 49  0  0 53 50 58 56 60 59 61 54  0 55  0 71  0 66  0  0 69 64 63 70 76 79 75 72 78 74 77 73 80  3  1  8  2 81  6  0  0  7 10 14  0 11 16  0  0  0 12
 35  0  0 31 33  0 29 28 34 41 37 42 39 36  0 44 43 38 47 46 48  0 45  0  0 52 50 57 55 56 54 58 60 61 62 59 67 65 69  0 70 63 66  0  0 80  0 75 76 74 78  0 72  0  4  0  3 81  0  2  5  1  0 12 10 17 11  9 15 14 13  0 19 23  0 20  0  0  0  0 21
 53 50 48 49  0 45 47  0  0 59 55 60 57  0 58 62 61 56 65 64 66  0 63 67  0 70 68 75 73 74 72  0 78 79 80 77  0  2  0  5  0 81  3  1  8  0 14  0 13 11 15 10  9 16 22 25 21 18  0 20 23 19 26 30 28 35  0 27 33 32 31 34 37 41 40  0 43 44 36 42 39
 44 41 39 40 42 36 38  0 43 50  0 51  0 45  0 53 52 47 56 55 57  0 54 58 60 61 59 66  0 65 63 67 69 70 71  0  0 74 78 77 79  0 75 73  0  8  5  3  0  2  0  1 81  7 13 16 12  0 15 11 14 10  0  0 19 26  0  0 24 23  0 25 28 32 31  0 34 35  0 33 30
 80 77  0  0  0 72 74 73  0  0  1  0  0  0  4  8  7  2 11  0 12 17  9 13  0 16 14 21 19 20  0 22 24 25 26 23 31 29 33 32 34 27 30  0 35 44 41 39 40 38 42 37 36 43 49 52 48 45 51 47  0 46 53 57  0  0 56  0 60  0 58 61 64  0 67 65 70 71 63 69 66
  8  5  3  4  0  0  0  1  7 14 10 15 12  0 13 17  0 11 20 19 21  0  0 22 24  0 23 30 28 29  0 31 33  0 35 32 40 38  0 41  0 36 39 37  0 53  0 48  0 47 51 46  0 52 58 61  0 54  0 56 59  0 62 66 64  0 65 63 69 68 67 70 73 77 76 74 79 80  0  0  0
  0 14  0  0  0  0 11  0  0 23 19 24  0  0 22 26  0 20 29  0  0 35 27 31 33  0  0 39 37  0 36 40 42  0 44 41 49 47 51  0 52 45 48 46 53 62 59  0  0  0 60  0 54 61 67 70 66 63 69 65 68  0  0 75  0 80 74 72 78 77 76  0  1  0  4  2  0  8  0  0  3
 71 68 66  0 69 63 65 64 70 77 73 78 75  0 76 80 79  0  2  1  3  8  0  4  0  7  5 12 10 11  9 13 15 16 17 14 22 20  0 23  0 18  0  0 26 35 32 30 31 29 33 28 27 34 40  0 39  0 42  0 41 37 44 48  0 53 47 45 51  0 49 52 55 59 58 56 61 62 54 60 57
 62 59 57 58 60 54 56 55 61  0  0  0 66 63 67 71 70 65 74 73  0 80 72  0 78 79 77  3  1  2  0  0  6  7  8  0 13 11 15 14 16  0 12  0 17 26  0 21 22 20  0 19 18  0 31  0 30  0 33 29  0 28 35 39  0  0 38 36 42 41 40  0 46 50 49 47  0  0 45  0 48
