9
  0  0 23 20 19 21  0 25  0  0 32 36  0 33 31  0 30 34  0 39  0 45 40  0 37  0 38 49  0 51 54 46 53  0  0 52 55 58 63 61 59 60 62 57 56 65 66 72  0 71 69 70 68 64 80 76 79  0 81  0 78 73 74  0  0  2  0  0  0  6  9  4 15 10 18  0 16 12 13  0 11
  0 44 41  0 37 39 45 43 40 53 50 54 47  0  0 46  0 52 62  0 61  0 58 59 55  0  0 67 68 69 72 64 71  0 65 70  0 76 81 79 77  0 80  0 74  2  3  9  4  8  0  7  5  1 17  0 16 12 18 14 15 10 11 19 25 20  0 26  0 24  0 22  0 28  0 35 34  0 31  0 29
 51 53 50 47  0 48 54  0  0 62  0  0  0 60  0 55  0 61 71  0 70  0 67 68 64 69 65 76  0 78  0 73 80  0 74 79  1  0  9  0  0  0  8  3  2 11 12  0  0 17 15  0 14 10 26  0  0  0 27  0 24  0 20 28 34 29 32 35  0 33 36  0 42 37 45 44 43 39  0  0 38
 69 71 68 65 64 66 72 70 67 80 77 81 74  0 76 73  0  0  8  3  0  0  0  0  1  6  2 13  0  0 18 10 17  0  0 16  0 22 27 25  0  0 26 21 20 29 30 36 31  0  0  0 32 28  0 40  0 39 45  0  0 37 38 46 52 47 50 53 48 51  0 49  0 55 63  0 61  0  0 59  0
 15 17 14 11 10  0 18  0  0 26  0 27  0 24 22  0 21 25  0 30 34 36 31 32 28 33  0  0 41 42 45  0 44 39  0 43 46  0 54 52 50  0 53  0 47  0  0 63 58 62 60  0 59 55  0  0 70 66 72 68  0 64 65 73  0  0 77 80 75  0 81 76  6  0  9  8  0  0  4  5  2
 78 80 77 74  0 75 81  0 76  8  5  9  2  6  0  0  0  7 17 12  0 18 13 14 10  0 11 22 23  0 27 19 26 21 20 25  0 31 36 34 32 33 35  0 29 38 39 45 40 44  0  0 41  0  0 49  0 48 54  0  0 46 47  0 61 56 59 62 57  0 63 58 69 64 72 71  0 66 67  0  0
  0 35  0 29  0 30  0 34 31  0 41 45 38 42  0 37  0 43  0 48 52  0 49 50  0  0 47  0  0  0  0  0  0  0 56  0 64  0 72  0  0  0 71  0 65 74  0 81 76 80 78 79 77  0  0  4  7  0  9  0  6  1  0  0 16 11 14  0  0 15 18  0 24 19  0  0  0 21  0  0 20
 60  0 59 56 55 57 63 61  0 71 68  0 65  0 67 64 66 70  0  0 79  0 76 77  0 78 74  0  5  6  9  1  8  3  2  7 10  0 18 16 14  0 17 12 11 20 21 27 22 26  0 25  0 19 35 31 34 30 36  0  0  0 29 37  0  0 41 44  0 42 45  0  0  0 54  0 52 48 49 50 47
  6  8  0  2  0  3  9  7  0 17 14  0 11 15  0 10 12  0 26  0 25 27  0 23 19 24  0  0 32 33 36 28 35 30 29  0 37 40 45 43 41  0  0  0  0 47 48 54 49 53 51 52  0 46  0  0  0  0 63  0 60  0 56 64 70 65 68  0 66 69 72  0  0 73 81 80 79 75 76 77 74
 25 27  0  0 20 22 28 26 23 36 33 37 30  0 32 29  0 35 45  0 44  0 41  0  0  0  0 50 51  0  0  0  0  0  0 53  0  0  0  0 60  0  0 58 57 66 67 73 68 72  0  0 69  0 81 77  0 76  0 78 79 74  0  2  0  3  6  9  4  7 10  0 16 11  0 18 17 13  0  0 12
  0 81 78 75 74 76  1  0  0  0  0 10  3  7  5  2  4  8 18 13 17  0  0  0 11 16 12  0  0  0 28  0  0 22 21 26 29  0 37  0 33 34  0 31 30  0 40 46 41  0 43 44  0 38 54 50 53 49 55 51  0  0 48 56 62 57 60 63 58 61 64 59 70 65  0 72 71 67  0 69  0
 43 45 42 39 38 40 46 44 41  0  0 55 48 52 50 47  0  0 63  0  0 64 59  0  0 61 57 68 69 70  0  0 72 67 66 71  0 77  1 80  0  0 81  0 75  3  0 10  5  0  7  8  0  2  0 14 17  0  0  0  0 11  0 20  0 21 24  0 22  0 28 23 34 29  0 36 35 31  0 33  0
 61 63 60 57  0  0  0 62 59 72 69 73 66  0 68 65 67  0 81  0 80  1 77 78  0 79 75  5  6  0 10  2  0  0  3  0 11  0 19 17  0  0  0 13 12  0 22  0 23 27 25  0  0 20  0 32 35  0  0  0 34 29 30  0 44  0  0 45 40 43 46  0 52 47  0 54 53 49 50 51 48
  7  9  6  3  2  4  0  8  5 18 15 19 12  0  0 11 13 17  0 22 26  0  0 24 20 25 21 32  0 34 37  0 36  0 30 35 38 41 46 44  0 43  0  0  0 48 49 55 50 54  0  0 51 47  0 59 62 58  0 60  0  0  0 65 71 66 69 72  0  0 73 68 79  0  0 81 80 76 77 78 75
 34 36  0 30 29 31 37  0 32  0 42 46  0 43 41 38  0 44 54 49 53 55  0 51  0 52 48  0 60  0 64  0 63 58 57  0  0 68 73 71 69 70 72 67 66  0 76  0  0 81 79 80 78 74  9  5  8  0 10  6  7  2  3  0 17  0 15 18 13 16  0 14 25 20  0 27  0 22 23 24  0
  0 72 69  0  0 67 73  0  0 81 78  0 75 79 77  0 76 80  0  4  8 10  0  6  2  7  3 14 15 16 19  0 18 13  0  0  0  0  0 26 24 25 27 22  0 30 31 37  0 36 34 35  0 29 45 41 44  0 46  0  0 38  0 47 53  0 51  0 49  0 55  0 61  0 64  0 62  0  0 60 57
 52 54  0 48  0 49  0  0  0  0 60 64 57 61 59 56 58  0 72 67 71 73 68 69  0 70  0  0 78 79  1  0 81 76  0  0  0  0 10  0  6  7  9  4  3  0  0  0 14 18  0  0  0 11  0 23 26 22 28  0 25  0 21 29  0 30 33 36 31  0 37  0  0  0 46 45 44 40  0 42  0
 16  0 15  0 11 13  0 17  0 27  0 28 21 25 23 20  0 26 36  0  0  0 32  0 29  0 30 41  0 43 46 38 45  0  0  0  0 50  0 53 51 52 54 49 48 57 58 64  0  0 61  0 60 56 72 68 71 67 73 69 70 65 66 74 80 75  0  0 76  0  0 77  7  2  0  9  0  0  0  6  3
  0 55 52 49  0 50  0  0  0 64  0 65 58 62 60 57  0 63 73  0 72  0 69  0 66  0  0 78  0 80  2 75  1 77  0 81  0  6 11  0  0  8 10  5  4 13 14 20 15  0 17  0 16 12  0 24  0  0 29 25 26 21 22  0 36 31  0  0  0 35 38 33  0  0 47 46 45  0 42 43  0
 35 37 34  0  0 32 38 36 33 46  0 47 40 44  0  0  0 45 55  0 54 56 51 52 48 53 49  0 61  0 65  0  0 59 58 63  0 69 74 72 70 71 73 68  0 76 77  2 78  1  0 81 79  0 10  6  9  0 11  0  8  0  4 12  0 13 16  0  0  0 20  0  0  0 29 28 27  0 24 25 22
  0  0  7  4  3  0 11  9  0 19 16 20 13  0 15 12 14 18 28  0 27 29  0 25 21  0 22  0 34 35 38 30  0 32  0  0 39  0 47  0  0 44 46 41  0 49 50 56  0 55  0 54 52 48 64  0 63 59  0 61 62  0  0 66 72 67 70  0  0 71 74  0 80  0  2  0  0  0 78 79 76
 44 46  0  0 39 41 47 45 42 55 52  0 49 53  0 48  0 54  0 59  0 65 60 61 57  0  0 69 70 71 74  0  0 68 67 72 75 78  2 81  0 80  1 77  0  0  5 11  6  0  0  9  7  3  0 15  0 14 20 16 17  0 13 21 27  0 25 28  0  0 29 24 35  0  0 37 36 32 33 34  0
 80  1  0 76 75  0  2 81  0 10  7  0  4  8  6  0  5  9  0  0 18 20 15 16 12 17 13 24  0  0 29  0 28 23 22 27 30 33 38 36 34  0 37 32 31 40  0 47  0 46 44 45 43  0 55 51 54 50  0 52 53  0 49 57  0  0 61 64  0 62  0  0  0 66 74 73 72 68 69 70 67
 71 73  0 67 66  0 74 72 69  0 79  2  0  0 78  0 77 81  0  5  9 11  6  0  0  8  0  0  0  0  0  0 19 14  0 18  0 24 29  0  0 26 28 23 22 31 32 38  0 37 35 36 34  0  0 42 45  0  0 43 44  0 40  0 54 49 52  0 50  0 56 51  0  0  0 64 63 59 60  0  0
  0 64 61 58  0 59 65  0 60 73 70 74  0 71 69 66 68 72  0 77 81  0 78  0  0 80 76  6  7  8 11  3 10  5  4  0 12 15  0 18 16  0 19 14 13  0 23 29  0 28 26 27 25 21  0 33 36  0 38 34 35 30 31  0  0 40 43  0 41 44 47 42 53  0  0 55  0 50 51 52 49
  0  0  0  0 21 23 29 27  0 37 34 38 31 35  0 30 32  0  0  0  0 47 42 43 39  0  0  0 52 53  0 48  0 50  0 54  0  0 65 63 61 62  0 59 58 67 68 74  0 73 71  0 70 66  0  0  0  0  2  0  0  0 76  3  9  4  7 10  0  8 11  6  0 12 20 19  0  0 15 16 13
 17 19 16  0 12 14 20 18 15  0  0 29 22  0 24  0 23  0 37  0 36 38 33 34 30 35 31  0  0 44 47 39  0 41 40 45 48  0 56  0  0 53 55 50 49 58  0 65 60 64 62  0  0 57 73  0  0 68  0  0 71 66 67 75 81 76  0  1  0  0  2 78  8  3 11 10  9  5  0  0  4
 36  0  0 32 31 33  0 37  0  0  0  0  0  0  0  0  0 46 56  0  0 57 52 53 49  0 50 61 62  0 66 58 65 60 59 64 67 70 75 73 71 72 74 69 68 77 78  3 79  2  0  1 80  0 11  7 10  6 12  8  9  4  5  0 19 14 17 20 15 18 21 16  0  0 30 29 28  0 25 26 23
 45 47  0  0  0 42 48  0  0 56 53 57 50  0  0  0  0 55 65  0 64  0 61 62 58 63  0 70 71  0 75 67  0 69  0 73  0 79  3  0  0 81  2  0 77  5  0 12  0 11  9 10  0  4 20 16 19 15 21  0 18  0 14  0 28  0 26 29 24 27  0  0 36 31 39 38 37 33 34 35 32
  0 56 53  0 49  0 57 55 52 65  0 66 59  0 61  0  0  0 74 69  0  0 70 71 67 72  0 79 80 81  3 76  0 78 77  1  4  7 12 10  0  0 11  6  5 14  0 21  0 20  0  0  0  0 29 25 28  0 30  0 27 22 23 31 37  0 35 38  0  0 39  0 45 40  0  0 46 42  0 44 41
  0  0 71  0 67  0 75 73  0  2 80  0 77  0 79  0 78  0 11  6  0 12  7  0  4  9  0 16 17 18 21 13  0 15 14  0  0 25 30 28 26 27  0  0  0 32 33  0 34 38 36 37 35 31 47  0 46 42 48  0 45 40  0 49  0 50  0 56 51 54 57  0 63 58 66 65  0 60  0 62 59
  0 11  8  0  4  6 12 10  7 20  0  0  0 18  0 13 15 19  0 24 28 30 25  0  0 27 23  0 35 36 39 31  0  0  0 37 40  0  0  0  0 45 47 42 41 50  0  0 52 56  0 55 53 49  0 61 64 60  0  0 63 58 59  0  0 68  0  0 69 72 75 70  0 76  0  0  1 78 79  0  0
 27 29 26 23 22  0  0  0  0  0 35  0  0  0 34 31 33 37 47  0  0 48 43  0 40 45 41 52 53 54  0 49  0 51 50  0 58  0 66 64 62 63 65 60  0  0  0 75 70  0 72  0 71  0  2 79  1 78  3  0  0 76 77  4  0  5  8 11  0  9  0  7  0 13 21 20 19 15  0  0 14
  0 20 17  0  0  0  0  0 16 29  0  0  0 27 25  0 24 28  0 33  0  0 34  0  0 36  0  0 44 45 48  0 47 42 41 46 49 52  0  0  0 54 56 51 50 59 60 66 61  0 63 64 62  0  0 70 73 69  0  0 72 67 68 76  1  0 80  2 78 81  0 79  0  4 12 11  0  0  0  8  5
  0  0  0  0  0 60  0 64 61 74 71 75 68 72  0 67 69 73  0 78  1  3  0  0  0  0 77  7  0  0 12  4  0  6  0 10  0 16  0 19  0 18  0 15  0  0 24  0 25 29  0 28 26 22 38 34  0 33 39  0  0  0 32 40 46  0  0  0 42 45 48 43 54 49 57  0 55 51 52 53  0
 81  2 80 77 76 78  3  1 79  0  0 12  5  9  7  4  6 10 20  0 19 21 16 17 13 18 14 25 26  0  0 22  0 24 23 28 31 34 39 37 35  0  0 33 32  0  0  0  0 47  0  0 44 40  0 52  0  0 57  0 54 49  0 58 64 59  0  0 60  0 66 61  0  0  0 74 73  0 70 71  0
  0 12  9  6  0  7  0  0  8 21  0 22 15 19 17  0  0  0  0  0 29  0 26 27  0 28 24  0 36  0 40 32  0  0 33 38 41  0 49 47 45 46 48 43 42 51 52 58 53 57 55 56 54 50 66 62  0 61 67 63 64 59 60  0  0 69 72 75 70 73 76 71  1 77  4  0  0 79 80 81 78
 28  0  0  0  0  0  0  0  0 39 36 40 33 37 35  0 34 38 48  0 47 49 44 45 41 46  0 53 54  0 58 50 57 52 51 56  0 62  0 65  0 64 66 61  0  0  0  0 71 75  0  0  0 68  3 80  2  0  4 81  0 77 78  5 11  6  9 12  7  0 13  0 19 14 22 21 20  0 17 18  0
 19 21  0 15 14  0  0 20 17  0 27 31 24 28 26 23  0 29 39 34  0 40 35 36  0 37 33  0 45 46 49 41  0 43 42  0  0 53  0 56 54  0 57 52  0  0 61  0 62 66  0 65 63 59 75 71 74 70 76  0 73  0 69 77  2 78  0  3 79  1  0 80  0  5 13 12 11  7  8  0  6
 64  0  0 60 59 61 67  0 62 75 72 76 69 73  0  0 70 74  0 79  0  4  0 81  0  1  0  0  9  0  0  5 12  0  6  0 14 17  0 20 18 19 21  0  0  0 25  0 26 30 28 29 27 23  0 35  0  0 40 36 37 32 33 41 47 42  0 48  0 46 49 44  0 50 58 57 56  0 53 54 51
  1  3 81  0 77 79  0  0 80 12  9 13  6 10  8  5  7  0 21 16 20  0  0 18 14 19 15  0 27 28  0 23  0 25  0  0 32  0 40  0 36 37 39 34 33 42 43 49 44 48 46 47 45  0  0  0  0 52 58 54 55 50  0  0 65  0 63 66 61  0 67 62 73 68 76 75 74  0 71 72 69
 55  0  0  0 50 52  0 56 53  0 63  0 60  0 62 59  0 65 75 70  0 76  0  0 68  0 69 80 81  0  4 77  0 79  0  2  0  0 13 11  9 10 12  7  0 15  0 22 17  0  0  0 18 14 30 26 29  0  0  0 28 23 24 32  0  0 36 39 34  0  0  0 46 41  0 48 47  0  0 45  0
 73  0 72 69  0 70  0  0  0  3 81  4 78  1 80  0 79  2  0  7  0  0  8  9  5 10  6 17 18 19 22  0 21 16 15  0  0  0 31 29  0 28 30 25 24  0  0  0 35  0 37 38 36  0 48  0 47  0 49  0 46 41  0  0 56 51 54  0  0 55  0  0 64 59  0 66  0 61 62 63 60
 37 39 36 33 32  0  0 38 35 48 45 49  0 46 44  0 43  0 57 52 56 58 53  0 50 55  0 62  0 64 67  0  0 61 60 65 68  0 76 74 72 73 75  0 69 78 79  0 80  3  0  2  0  0 12  8 11  7 13  9 10  5  6 14 20 15  0 21 16  0 22 17 28 23 31 30  0 25 26 27 24
  0  0 45 42  0 43 49 47  0 57 54  0 51 55 53 50 52  0 66 61  0 67  0 63 59  0 60 71  0 73 76 68 75 70 69  0 77 80  4  0 81  1  3  0 78  6  7 13  0 12  0  0  9  5 21  0 20 16 22 18  0 14  0  0 29 24 27 30 25 28  0 26 37  0 40  0 38  0 35  0  0
  0  0 64 61 60 62 68 66  0 76 73  0 70 74  0 69 71 75  4 80  3  5 81  1 78  2 79  9  0 11  0  0 13  0  7 12 15 18 23 21 19 20 22 17  0 25 26 32  0 31 29 30  0  0 40 36 39 35 41 37 38 33 34 42  0 43  0 49 44 47 50 45  0  0  0 58  0  0 54  0  0
  0 76 73 70 69  0 77 75  0  0  1  0 79  2  0 78  0  3 13  0 12 14  9  0  0  0  7 18 19 20 23 15  0 17 16 21 24 27  0  0 28 29 31 26  0 34 35 41  0 40 38 39  0 33 49  0 48 44 50 46 47 42 43 51  0  0  0  0 53  0 59 54  0  0  0 67 66 62 63 64 61
 11  0 10  0  6  8 14 12  9 22  0 23 16  0  0 15  0  0  0 26 30  0 27 28 24  0  0  0  0 38 41 33 40  0 34  0  0  0 50 48 46 47 49 44 43  0 53 59  0 58 56  0 55 51 67  0 66 62 68 64 65 60  0 69 75 70  0 76 71 74 77 72  0 78  5  4  3 80  0  0 79
  2  0  1 79  0  0  5  0 81  0 10 14  7 11  0  0  8  0 22 17 21 23 18  0  0 20 16 27 28  0  0  0  0  0 25 30 33  0  0 39  0 38 40  0 34  0 44  0 45 49  0 48  0 42  0  0 57  0  0 55  0 51  0 60 66 61 64 67 62 65 68 63 74 69 77 76  0  0 72 73  0
 38 40 37 34 33 35 41 39  0 49 46 50  0 47 45  0  0  0 58 53  0  0 54  0  0  0  0 63  0  0  0  0 67 62 61 66 69  0 77 75  0  0 76  0 70 79  0  0 81  4  0  3  1 78 13  9  0  8 14 10 11  6  7  0 21 16 19 22  0 20 23 18 29 24 32 31  0 26 27 28  0
 29  0 28  0 24  0 32  0  0  0 37 41  0  0 36  0 35 39  0 44  0  0 45  0 42 47 43  0  0 56 59  0 58  0 52  0 60  0 68 66  0 65 67  0 61 70 71 77 72 76 74  0  0 69  0 81  0 80  5  1  0 78 79  6 12  7 10  0  0 11  0  9 20 15 23  0  0 17 18 19 16
  0 49 46  0 42 44  0 48 45 58 55 59 52 56 54 51 53 57 67 62  0 68 63 64  0 65  0 72 73 74  0 69  0  0 70 75 78 81  5  3  1  2  0  0 79  0  8 14  9  0 11 12 10  0 22  0 21 17 23 19 20  0 16  0  0 25 28 31 26  0  0  0  0 33 41 40 39 35 36  0 34
  0 22 19 16 15  0 23 21 18 31 28 32  0 29  0 24 26  0  0  0 39 41 36 37  0  0 34  0 46  0  0  0 49 44  0  0  0  0 59  0 55  0 58  0  0 61 62 68 63 67  0  0 64  0 76 72  0 71 77 73  0 69 70 78  3  0  1  4 80  2  5  0  0  6 14 13 12  8  9 10  7
  0 58 55 52  0  0 59  0 54 67 64 68  0 65  0 60 62 66  0 71 75 77 72  0 69  0 70  0  1  2  5  0  4 80 79  0  6  9 14 12  0 11  0  0  7  0  0 23 18 22  0  0 19  0 31  0 30 26 32 28  0 24  0 33 39 34 37 40 35  0 41 36  0  0 50 49 48 44 45 46  0
 66 68  0 62 61  0  0 67 64 77  0 78 71  0  0 70 72 76  5 81  4  0  1  2 79  3  0  0 11 12 15  7  0  9  8 13 16  0 24 22  0  0 23 18  0 26 27 33 28  0 30 31 29 25  0  0  0  0  0  0 39  0 35  0  0 44 47 50 45  0 51  0 57 52 60 59 58 54 55  0  0
  0  0  0  0  7  9  0  0  0 23  0 24 17  0  0  0  0 22 32  0 31 33 28 29 25 30  0 37 38  0 42 34 41 36 35 40 43 46 51 49 47 48 50 45 44 53  0 60 55 59  0 58  0 52 68  0  0 63 69 65 66  0 62  0 76 71 74 77 72 75 78  0  0 79  6  5  4 81  0  0  0
 39  0  0  0 34 36 42  0 37  0  0  0  0 48 46 43  0  0 59 54 58 60  0 56  0 57 53 64 65 66 69 61  0  0  0 67 70 73 78 76 74 75  0 72 71  0  0  6  1  5  3  4  0 79  0 10  0  0  0  0 12  0  8 16 22  0 20  0 18  0 24  0 30  0  0 32 31 27  0 29  0
 57 59 56 53 52 54  0  0  0 68 65 69 62 66 64 61 63 67  0 72 76 78 73 74 70 75 71  0  2  3  6 79  0 81 80  4  7 10 15 13 11 12  0  9  8 17  0 24 19 23  0 22  0 16 32 28 31  0 33 29 30  0 26 34 40 35 38  0 36 39  0 37  0 43 51 50 49 45 46  0 44
  0 32 29 26 25 27 33  0 28  0  0 42 35  0 37  0  0 40  0 45  0 51 46 47 43 48 44  0  0 57 60  0  0 54 53  0 61  0 69 67 65 66 68 63 62 71 72 78  0 77  0 76 74 70  5  1  4  0  0  2  0 79 80  7 13  8  0  0  9  0 15 10 21  0 24  0 22 18 19 20 17
  0  0 47  0 43  0 51 49 46 59 56 60 53 57 55 52 54  0 68 63 67 69 64 65  0 66 62  0  0  0 78 70 77  0  0 76 79  1  6  0  0  0  5  0 80  0  9 15  0 14 12  0 11  7  0 19 22 18 24 20  0 16 17 25  0 26 29  0  0 30 33  0 39  0 42 41  0  0 37  0 35
  0  0  2 80 79 81  6  4  1 14 11  0  8  0 10  7  9 13  0  0 22 24  0 20 16 21 17  0  0  0 33 25 32 27 26  0 34 37 42 40 38 39 41 36 35  0  0  0 46 50  0 49 47  0  0 55 58 54 60 56 57 52 53 61 67  0 65 68  0 66 69 64 75 70 78  0 76 72 73 74 71
 75  0  0 71 70 72 78 76 73  0  0  0 80  3  1 79 81  4 14  0 13  0 10  0  7 12  8 19 20 21 24 16 23  0 17 22 25 28 33  0 29  0 32 27 26 35 36 42 37 41  0  0 38 34 50 46  0  0 51 47 48 43 44  0 58 53  0  0  0 57 60  0 66  0 69 68 67  0 64 65  0
 21  0 20 17 16  0 24 22 19  0 29  0 26 30 28  0  0 31  0  0 40 42 37  0 34  0 35 46 47 48  0 43  0 45 44  0 52 55 60  0  0 57 59  0 53 62  0 69  0  0  0  0  0 61  0  0 76  0  0  0 75 70 71 79  4 80  0  0 81  3  6  0 12  0 15 14  0  9 10 11  8
  0  0 66  0 62 64 70 68 65 78 75 79  0 76 74 71 73 77  6  1  0  7  0  3 80  4 81 11 12  0  0  8 15 10  0 14  0  0  0  0 21  0 24 19 18  0 28  0  0 33 31 32  0  0 42 38 41  0 43 39  0  0  0 44  0 45 48 51 46  0 52 47 58  0 61 60  0  0 56  0 54
 40  0  0  0 35 37  0 41 38 51 48 52  0 49  0 44  0  0 60 55 59  0 56 57 53  0 54 65 66 67 70  0  0  0 63 68 71 74  0 77 75 76 78 73 72  0  0  7  2  0  4  5  3 80 15  0 14 10 16 12 13  8  0  0 23 18  0 24 19 22 25  0  0 26 34  0  0  0 29 30 27
 49  0  0  0 44 46 52 50 47 60 57  0 54  0  0 53 55  0 69  0 68 70 65 66 62 67 63 74 75 76  0  0 78  0 72  0 80  2  7  5  0  4  6  1 81  0  0 16 11 15 13 14 12  8 24  0  0 19 25 21  0  0  0 26  0 27 30 33 28 31 34  0  0 35 43  0 41 37 38  0  0
 31  0  0 27 26 28 34 32  0  0 39  0 36 40  0  0  0 41 51 46  0 52  0  0  0 49 45 56 57  0 61 53  0 55 54  0  0 65 70 68 66 67 69  0 63 72 73 79 74  0 76 77  0  0  6  0  5  1  0  3  0 80 81  8  0  0  0 15  0 13  0 11 22 17  0 24 23 19 20 21 18
 58 60  0 54  0 55 61  0  0  0 66 70 63 67 65 62 64  0 78 73  0 79  0 75 71 76  0  2  0  0  0  0  6  0 81  0  8 11  0  0  0  0  0 10  0 18  0 25 20  0  0 23  0 17 33  0 32  0 34  0 31  0 27 35  0 36 39  0 37 40  0  0 49  0 52 51 50  0  0 48 45
  4  0  3 81 80  0  0  0  2 15 12 16  9 13 11  8 10 14 24  0 23  0 20 21  0 22  0 29 30  0 34  0 33  0  0 32  0 38  0 41  0 40 42 37 36  0 46 52  0  0 49  0 48 44 60 56 59 55 61 57  0 53 54 62  0 63 66 69 64  0  0 65 76 71 79 78  0 73 74 75  0
 76 78 75 72 71  0 79 77  0  6  3  7 81  4  2 80  1  5 15 10  0  0 11  0  8  0  9 20 21  0 25 17 24 19 18  0  0 29  0 32 30 31 33 28  0 36 37  0  0  0 40  0 39  0  0  0  0 46  0  0  0 44 45 53  0 54  0  0  0 58  0 56 67  0 70 69  0 64 65 66  0
  0  0 12  0  0 10  0 14 11 24 21 25 18 22 20  0 19 23  0  0 32 34 29 30  0 31 27 38  0 40  0 35  0 37 36 41 44 47  0 50  0 49  0 46 45  0 55 61 56  0 58 59 57  0  0  0 68  0 70  0 67 62 63  0  0  0 75 78  0 76 79  0  4 80  7  0  0  1  2  0 81
 22 24 21 18 17  0  0  0 20 33 30 34 27 31  0 26  0 32  0 37 41 43 38 39  0 40  0  0 48 49 52 44 51 46  0 50  0 56 61 59 57  0 60  0 54 63 64 70  0 69 67  0  0 62 78  0 77 73  0  0 76 71 72 80  5  0  3  6  1  0  7  2 13  8 16  0 14 10  0  0  9
 77  0  0  0 72 74 80  0  0  7  4  0  1  0  0  0  0  0 16 11  0 17 12 13  9 14  0 21  0 23 26  0 25 20 19  0  0 30 35 33 31 32 34  0  0 37 38  0  0 43 41 42  0 36 52 48 51 47 53 49  0 45 46  0 60  0 58 61  0  0  0 57  0  0 71 70 69 65 66 67 64
 59 61 58 55 54  0 62 60 57 70  0 71  0  0 66 63  0  0 79 74 78  0  0  0 72 77 73  3  0  0  8  0  7  2  0  0  0 12 17 15 13 14  0 11  0 19 20 26 21  0  0  0 22 18  0 30  0 29 35 31  0  0  0 36  0  0 40  0 38 41  0 39 50 45  0  0  0 47 48 49 46
  0 70  0 64 63 65  0 69 66 79 76 80 73 77 75  0  0 78  7  2  0  8  3  0  0  5  1 12 13 14 17  9 16 11 10 15 18  0 26  0 22 23  0 20  0 28 29 35 30 34 32 33 31 27  0  0 42  0 44 40  0  0 37 45 51  0 49 52 47  0 53 48 59 54 62  0 60 56 57 58  0
  0 34 31 28  0 29 35 33  0 43  0 44  0 41 39 36 38 42 52 47  0  0 48  0 45 50 46 57 58  0  0 54 61 56 55 60 63 66  0 69  0  0 70 65  0  0 74 80 75  0  0  0 76 72  0  3  0  2  0  4  5 81  1  9 15 10 13  0 11 14  0  0  0  0  0  0  0 20 21  0 19
 41 43 40  0 36 38 44 42 39 52  0 53  0 50  0 45  0  0 61 56 60  0 57 58 54 59 55 66 67  0 71 63 70 65  0 69  0 75  0 78  0 77 79 74 73  1  2  8  3  7  5  0  0  0 16  0 15 11  0 13 14  0 10  0 24 19  0  0  0 23 26  0 32  0 35  0 33  0 30 31 28
 23 25 22  0 18 20  0 24 21 34 31 35  0 32 30  0 29  0  0 38 42 44 39 40  0 41 37  0 49 50 53 45  0 47  0  0 54  0  0 60 58 59 61 56 55 64  0 71 66 70  0 69  0 63 79  0 78 74 80 76 77  0 73 81  6  1  0  7  2  0  0  3 14  0  0 16  0 11 12  0 10
  5  7  4  0  0  0  8  0  3  0 13 17 10 14 12  0 11 15  0 20 24  0 21 22  0 23 19 30 31 32 35  0  0  0 28 33 36 39  0  0 40 41  0 38 37 46 47 53 48 52  0 51  0  0 61  0  0 56 62 58 59 54  0  0 69 64 67  0 65 68  0 66 77  0 80 79  0 74  0 76  0
 14  0  0  0  0 11  0  0  0  0 22 26 19 23  0  0 20 24  0 29 33 35  0 31  0  0  0 39 40  0 44  0  0  0 37 42  0 48 53 51 49  0 52 47 46  0  0 62  0 61 59 60  0 54 70 66 69 65  0 67 68 63  0 72  0  0 76  0 74 77 80 75  0  0  8  0  0  2  3  4  1
 50  0 49  0 45 47 53  0 48 61 58  0  0 59 57  0  0 60 70 65  0  0 66 67 63 68  0 75  0 77 80 72 79 74 73 78 81  0  8  0  0  5  0  2  1  0 11  0  0 16 14 15  0  9 25 21  0 20 26 22 23 18 19 27 33 28 31 34  0 32 35 30  0 36 44 43 42  0 39  0 37
