9
 47 48  0 54  0  0 53 50 51  0 62 63 56 58 60 55 61  0 64 72 67 69 70 65 68 71 66 78 76 74 80 75 73  0 79 77  0  1  0  8  6  0  3  2  9 14 13 17 11  0 12 10 18 15  0  0 27 26  0  0  0 20 24 32  0 35 34  0 29 36 33 28 45 42 38 44 39 37 43 41 40
 29 30 34  0 31  0 35  0  0 41  0 45 38  0 42 37 43 39  0  0 49 51 52 47 50 53 48 60  0 56  0  0  0  0 61 59 67 64  0 71  0 68 66 65 72 77 76 80 74 79  0 73 81 78  0  1  9  8  0  7  4  0  6 14  0 17 16 12 11 18 15  0  0 24 20  0 21 19  0  0  0
 65 66 70 72 67 64 71 68 69 77 80 81 74 76  0 73  0  0  1  0  0  6  7  2  5  8  3  0 13 11 17  0 10 18 16  0 22 19 25 26 24  0 21 20 27 32 31  0 29 34 30 28 36  0 39 37 45 44 41  0 40 38  0 50 49 53 52 48 47  0 51 46 63  0  0  0 57 55 61 59  0
 11  0 16 18  0 10 17 14 15  0 26 27  0 22 24  0 25 21 28 36 31 33 34 29 32  0 30 42 40  0 44 39  0 45 43 41 49 46 52 53  0 50 48 47 54 59 58 62 56  0 57 55 63 60 66 64 72  0 68 70 67 65  0 77 76 80 79 75 74 81  0 73  9  6  2  8  0  0  0  5  4
 56 57 61 63  0 55 62 59 60 68 71  0 65 67 69 64 70 66  0 81 76 78 79 74 77 80 75  6  4  2  8  3  1  9  7  5  0 10 16 17  0 14 12 11 18 23 22 26 20 25 21 19 27  0 30  0 36 35  0 34 31 29  0 41 40 44  0  0 38 45 42 37 54 51 47  0 48  0 52 50 49
  2  3  7  9  0  0  8  0  6 14 17  0 11  0 15 10 16 12 19 27  0 24 25 20 23 26  0 33 31 29 35 30 28 36  0 32 40 37 43  0 42 41  0  0 45  0 49 53 47 52 48 46 54 51  0  0 63  0  0 61  0 56 60 68 67 71 70 66 65 72 69 64 81  0 74 80 75 73 79 77 76
 38 39 43 45 40 37 44 41  0 50 53 54 47  0 51 46 52 48 55  0 58  0 61  0 59 62 57 69 67 65 71 66 64 72 70 68 76  0 79 80  0 77 75 74 81  5  4  8  2  7  3  1  9  0 12 10 18 17 14 16 13 11 15 23 22 26 25 21 20  0 24 19 36  0 29 35  0 28 34  0 31
 74 75  0 81 76  0 80 77 78  5  8  9  2  0  6  0  7  0 10 18 13 15 16 11 14 17 12 24 22 20 26 21 19 27 25 23 31 28 34 35 33 32 30 29 36 41 40 44 38  0 39  0 45  0 48 46 54  0 50  0 49 47 51 59 58 62 61 57 56 63 60  0 72 69  0 71 66 64 70 68 67
 20 21 25  0 22 19 26 23 24 32  0 36  0 31 33 28 34 30 37 45 40  0 43 38  0 44 39 51 49 47 53  0 46 54 52 50 58 55 61 62 60 59 57 56 63 68 67 71 65 70 66 64 72 69  0 73 81 80  0 79 76 74 78  0  4  8  7  3  2  9  6  0 18 15 11 17 12 10 16  0 13
 48 49  0  0 50 47 54  0 52 60 63 64 57 59 61 56  0 58  0 73 68 70 71  0 69 72 67 79 77 75 81 76  0  1 80 78  5  2  8  9  7  6  4  3 10  0 14 18  0 17  0 11 19  0 22 20 28 27 24 26 23 21 25 33 32 36  0 31 30 37  0 29 46  0  0 45 40  0 44 42  0
 30 31 35 37 32 29 36  0 34 42  0 46  0 41 43 38 44 40  0 55  0 52 53 48 51 54 49 61  0 57 63 58  0 64  0 60 68 65 71 72 70 69 67 66 73 78  0 81  0 80 76 74  1 79  4  2 10  9  6  8  5  3  7 15 14 18 17 13 12 19 16  0 28 25  0 27 22 20  0 24 23
  0 13 17  0  0 11 18 15 16  0 27 28 21 23 25 20 26  0 29  0 32 34 35 30 33 36  0 43 41 39 45  0 38 46  0  0 50  0 53 54 52 51 49 48  0 60  0 63 57  0 58 56 64 61 67 65 73 72 69 71 68 66 70 78 77 81 80 76 75  1  0 74 10  7  3  9  4  2  0  6  5
 57 58 62 64 59 56 63 60 61 69 72 73 66 68 70 65  0 67 74  1 77 79 80 75 78 81  0  7  5  3  0  0  2 10  0  6 14 11 17  0  0  0 13 12 19 24 23 27 21  0 22 20 28 25  0 29  0 36 33 35 32 30 34  0  0 45 44 40 39 46 43  0  0 52 48 54 49 47 53 51 50
 75 76  0  1 77 74 81 78  0  0  0 10  3  5  7  2  8  4 11 19  0 16 17 12 15 18 13  0 23 21 27 22  0 28 26 24  0 29  0 36 34 33 31 30 37  0 41 45  0 44 40 38 46 43 49  0 55 54 51 53 50 48  0 60 59 63 62 58 57 64 61 56 73 70 66 72 67 65 71 69  0
 21 22 26 28 23 20 27 24 25 33 36 37 30 32  0 29 35  0 38 46 41 43 44  0  0 45 40  0 50 48  0 49  0  0 53 51  0 56  0 63 61 60 58 57  0 69 68 72 66 71 67 65 73  0 76 74  0 81 78  0 77  0 79  6  5  9  0  4  3 10  7  2  0 16 12 18 13 11 17  0 14
  0 67  0 73 68 65 72 69 70 78 81  0 75 77 79  0 80 76  2 10  0  7  8  3  6  9  4 16 14 12 18 13 11 19 17 15 23  0 26 27 25 24 22  0 28 33  0 36 30 35 31 29 37 34  0 38 46 45  0 44 41  0  0 51  0  0 53 49 48 55  0 47 64 61 57  0 58  0 62 60 59
 39 40 44 46 41 38 45 42 43  0  0 55 48 50 52 47 53 49 56 64 59 61  0 57  0 63  0 70 68 66 72 67 65 73 71 69 77  0 80 81  0  0 76 75  1  0  5  9  3  8  4  2 10  7  0 11  0  0  0 17 14  0  0 24 23  0  0 22 21 28  0 20 37 34 30 36 31 29 35 33  0
  3  4  8 10  5  2  9  6  7 15 18 19 12  0  0 11 17 13 20 28  0 25 26 21 24 27 22 34 32 30 36  0  0 37 35  0 41 38 44 45 43 42  0  0 46 51 50 54 48  0 49 47 55  0 58 56  0  0 60 62 59 57  0 69 68 72 71  0 66 73  0 65  1 79 75 81 76  0 80 78 77
  0 14 18 20 15 12 19 16 17 25  0 29 22 24  0 21 27 23 30 38 33 35 36 31 34 37  0 44 42 40  0 41 39 47 45  0  0 48 54 55 53  0 50 49 56  0 60 64 58  0  0 57 65 62 68 66  0 73 70 72  0 67 71 79 78  1 81  0 76  2  0 75 11  8  4 10  5  3  9  7  6
 40 41 45 47 42 39 46  0 44 52 55 56 49  0 53 48 54 50 57 65 60 62  0  0 61  0 59 71 69 67  0 68  0 74 72 70 78 75 81  1 80  0 77  0  2  7  6  0  0  9  5  3 11  8 14  0 20 19 16  0 15 13 17 25 24 28 27  0 22 29  0 21 38 35  0 37 32  0 36 34 33
  0 32 36 38 33 30 37 34 35  0 46 47 40  0 44  0 45  0 48 56 51 53 54 49 52 55 50 62  0 58 64 59  0 65 63 61 69 66 72 73 71 70 68 67 74 79 78  1 76 81 77  0  2 80  5  0 11 10  7  9  6  4  8 16  0  0 18 14 13 20  0 12 29  0 22 28  0  0 27 25 24
 22 23 27 29 24 21 28  0  0 34 37 38 31  0 35 30 36 32 39 47 42  0  0  0 43 46  0 53 51 49 55 50 48 56 54 52  0 57 63  0 62 61 59 58 65 70  0 73 67 72 68 66 74 71 77  0  2  0 79 81  0 76  0  7  6 10  9  0  4 11  8  3 20  0 13 19  0 12 18 16 15
 76  0 81  2 78 75  1  0 80  7 10 11  4  6  8  3  9  5 12 20 15 17 18 13 16 19 14  0 24 22 28 23 21 29 27  0 33 30 36 37 35 34 32 31 38 43 42 46 40 45  0 39 47 44 50  0  0 55 52 54 51 49 53 61  0 64  0 59  0  0 62 57 74  0 67 73 68 66 72 70 69
 67  0 72 74 69 66 73  0 71 79  1  2  0 78  0  0 81 77  0 11  6  8  9  4  7  0  5  0  0  0 19 14  0  0 18  0 24  0  0 28 26  0 23 22 29 34 33 37 31 36 32  0 38 35 41  0 47  0 43 45 42 40 44 52 51  0 54 50 49 56  0  0  0 62  0 64 59 57 63 61 60
 58 59 63 65 60  0 64 61 62 70 73 74  0 69 71 66 72 68  0  2 78 80 81 76  0  0 77  8  6  4 10  5  3 11  9  7 15 12 18 19  0 16 14 13  0 25 24 28 22 27 23 21 29 26 32 30 38 37 34 36 33 31 35 43 42  0 45 41 40 47 44 39  0 53 49 55 50  0  0 52 51
 49 50  0  0 51  0 55 52  0  0 64 65 58 60 62 57 63 59 66  0 69  0 72  0  0 73  0 80 78  0  1 77 75  2 81 79  6  3  0 10  8  7  5  4 11 16 15 19 13  0 14 12 20 17 23 21 29 28 25 27 24 22 26 34 33  0 36 32 31 38 35  0 47 44 40 46  0 39 45 43 42
  4  5  9 11  6  3 10  7  0 16 19 20 13 15 17 12 18 14 21 29 24  0 27 22 25 28 23 35 33  0 37 32 30 38 36 34  0 39 45 46 44 43 41 40 47 52  0 55 49 54 50 48 56  0 59  0  0 64 61 63  0  0 62 70  0  0 72 68 67 74 71 66  2 80 76  1  0  0 81 79 78
 59 60 64 66 61  0 65  0  0 71 74 75 68 70 72 67 73 69 76  3 79  0  1 77  0  2 78  9  7  5  0  6  4 12 10  8 16 13 19 20 18  0 15 14  0 26 25 29  0 28 24 22  0 27 33  0 39 38  0  0 34 32 36  0 43 47 46 42  0 48 45 40 57 54  0 56 51 49 55 53 52
 41 42  0 48  0  0 47 44 45 53 56 57 50  0 54 49 55  0 58  0 61 63 64  0 62 65 60  0 70 68  0 69 67 75 73 71 79  0  0  2 81  0  0 77  3  0  0 11  5 10  6  4 12  9 15  0 21 20 17 19 16 14 18 26  0 29 28 24 23  0 27  0 39 36 32 38 33 31 37 35 34
  0  6 10 12  7  4 11  8  9  0 20 21  0  0 18 13 19 15  0 30 25 27 28 23  0  0 24 36  0 32  0 33 31 39 37 35 43 40  0 47 45 44 42 41 48 53 52 56 50 55  0 49  0 54 60 58  0 65  0 64 61 59 63  0 70  0  0 69 68 75 72 67  3  0 77  2 78 76  1 80 79
  0  0  0  0 16 13 20 17 18  0 29  0 23 25 27  0 28 24 31  0 34 36  0  0  0 38 33 45 43 41 47 42  0 48 46 44 52 49 55 56 54  0 51 50 57 62 61  0 59 64 60  0 66 63 69 67  0  0 71 73 70 68 72 80 79  2  1 78 77  0 81 76 12  9  5 11  0  4  0  8  0
  0  0 73 75  0 67 74 71  0 80  2  0 77 79  0  0  1 78  4 12  7  9  0  5  8 11  6 18 16 14 20 15 13 21  0 17 25  0 28  0 27 26  0  0 30 35 34 38 32 37 33 31 39 36 42 40 48 47  0 46  0  0 45 53  0 56  0 51 50 57 54 49 66 63 59 65 60 58 64 62  0
 32 33 37 39  0 31  0 35 36 44 47 48 41  0  0  0 46  0 49 57 52 54 55 50 53 56 51  0 61 59 65 60 58 66 64 62 70 67 73 74 72 71 69 68 75 80 79  2 77  1 78 76  3 81  6  4 12 11  8 10  7  5  9 17 16 20 19 15 14 21 18 13 30  0 23 29  0 22 28 26 25
 23 24 28  0  0 22 29 26 27 35  0 39  0 34 36 31 37 33 40 48 43 45 46 41  0 47  0 54 52 50  0 51 49  0  0 53  0 58 64 65 63 62 60 59 66 71 70  0 68  0  0 67 75 72 78 76  3  2  0  1 79 77 81  8  7 11 10  6  5 12  9  4 21  0 14 20 15 13 19 17 16
 50  0 55 57 52 49 56 53 54  0 65 66 59 61  0  0 64  0 67  0 70 72  0  0 71 74 69 81 79 77  2 78 76  3  1 80  7  4 10 11  9  8  6  5 12 17  0 20 14  0 15 13 21 18  0 22 30 29 26 28 25 23 27 35 34 38 37 33 32 39  0 31  0 45 41  0 42 40 46 44 43
 77 78  1  3 79 76  2 80 81  8 11 12  5  7  9  4 10  6 13 21 16 18 19 14 17 20 15  0 25 23  0 24 22  0 28 26 34 31 37  0  0 35 33 32 39 44  0 47 41 46  0 40  0 45  0 49 57  0  0  0 52 50 54  0 61  0 64 60 59 66 63 58 75  0  0 74 69  0 73 71 70
 24  0 29 31  0  0  0 27 28 36 39 40 33 35 37 32 38 34 41 49 44 46 47 42 45 48 43  0 53 51 57 52 50 58 56 54 62  0 65 66 64  0 61 60  0 72 71 75 69 74  0 68  0  0 79 77  4  3 81  2 80 78  1  9  8 12 11  7  6 13  0  5 22 19  0 21  0 14 20 18 17
 33 34 38 40 35 32 39 36 37 45 48 49  0 44 46 41  0 43 50 58 53 55 56 51 54 57 52 64 62 60 66 61 59 67 65 63  0 68 74 75 73 72  0 69 76 81 80  3 78  2 79  0  4  0  7  5 13 12  9 11  8  6 10  0 17 21 20 16 15 22  0 14 31 28 24 30 25 23 29 27 26
  0 52 56 58 53 50 57 54 55 63  0 67 60 62  0 59 65  0 68 76  0 73  0 69  0 75 70  1 80 78  0 79 77  4  2 81  8  0 11 12 10  9  7  6 13 18 17 21 15  0  0 14 22 19 25 23  0 30  0 29 26 24 28 36 35 39 38 34  0 40  0 32  0 46 42 48 43 41 47 45  0
  6  7 11  0  8  5 12  9  0 18 21 22 15 17 19  0  0 16  0  0 26 28 29 24 27  0  0  0 35 33 39  0 32 40 38 36 44 41 47 48 46 45 43 42 49 54 53 57 51 56 52 50 58 55 61 59 67 66 63 65 62 60 64 72 71 75  0 70 69 76 73  0  4  1 78  3 79 77  2 81 80
 15 16 20 22 17 14 21  0 19 27  0 31 24 26 28 23 29  0  0 40 35 37 38 33 36 39 34 46 44 42  0 43 41 49  0 45 53 50 56 57 55 54 52 51  0 63 62 66  0 65 61 59  0  0 70 68 76 75  0 74 71 69 73 81 80  3  2 79 78  0  1 77 13 10  6 12  7  5 11  9  8
 42 43 47 49 44 41  0 45  0 54 57 58 51 53 55 50 56 52 59 67  0 64 65 60 63 66 61 73 71 69 75 70 68 76  0 72 80 77  2  3  1 81  0 78  4  9  8 12  6 11  7  5 13  0 16 14 22 21 18 20 17  0  0 27 26 30 29 25 24 31 28  0 40 37 33  0  0 32 38  0 35
 60 61  0 67 62 59 66  0 64 72 75 76 69  0 73 68 74 70 77  4  0  1  2 78 81  0 79 10  0  6 12  0  5 13 11  9 17 14 20 21 19 18 16 15 22 27 26 30 24 29 25 23 31 28  0 32 40 39 36 38 35 33 37  0 44 48 47 43 42 49 46 41 58 55 51 57  0 50 56 54 53
 69 70  0  0  0  0 75 72 73 81  3  4 78 80  1 77  2 79  5  0  8 10  0  6  9  0  7 19 17 15 21 16  0 22  0 18  0 23 29 30 28  0 25 24 31 36 35 39  0 38  0 32 40 37  0 41 49 48 45 47  0  0 46 54 53 57 56 52 51 58 55  0  0 64 60 66 61 59 65 63 62
 78 79  0  0 80 77  3 81  1  9 12 13  6  8 10  5 11  7 14  0  0 19 20 15 18 21 16 28 26  0  0 25 23  0 29 27  0 32 38 39 37 36 34 33 40 45 44 48 42 47 43  0 49 46 52 50 58  0 54  0  0 51 55 63 62 66 65 61 60 67  0  0 76 73 69 75 70 68 74 72 71
 79  0  3  5 81 78  4  1  2 10  0 14  7  0 11  0  0  8  0 23 18 20 21 16 19 22 17  0 27 25  0  0 24 32 30 28  0 33 39 40 38  0 35 34 41  0 45 49  0 48 44 42 50  0 53 51  0 58 55 57  0  0  0 64 63 67 66 62 61 68 65 60 77 74 70 76  0 69  0 73 72
  0 44 48  0 45 42 49 46 47 55 58 59 52 54 56 51 57 53 60 68 63 65  0  0 64 67 62 74 72 70  0  0 69 77 75 73 81 78  3  0  2  1 80 79  5 10  9 13  7 12  8  0 14 11 17  0 23 22 19 21  0 16 20 28  0 31  0 26 25  0  0  0 41  0 34 40 35 33 39 37 36
  0  8 12 14  9  6  0 10 11 19 22 23 16 18 20 15  0  0 24  0 27  0 30  0 28  0 26 38 36 34 40  0 33 41 39  0  0  0 48 49 47 46 44 43 50 55 54 58  0  0 53 51 59 56 62 60 68 67 64 66  0  0 65  0 72 76 75 71 70 77 74 69  5  0 79  4 80 78  3  1 81
 34 35 39 41  0 33 40 37 38 46 49 50  0 45 47  0 48 44  0  0 54 56  0  0  0 58 53  0 63 61 67 62  0  0 66 64 72 69 75 76  0  0  0 70 77  1 81  4 79  3 80 78  0  0  8  6 14 13 10  0  9  7 11 19 18 22 21 17 16 23 20 15 32 29 25 31 26 24 30 28 27
 52  0 57 59 54 51 58 55  0 64 67 68 61  0 65 60 66 62 69 77 72  0 75 70 73  0 71  2  0 79  4 80 78  5  0  1  9  6 12  0 11 10  0  7 14 19 18 22  0  0 17  0 23 20 26 24 32 31 28 30 27  0  0 37 36 40 39 35 34 41 38 33 50  0  0 49 44 42 48 46 45
 25  0 30 32 27 24 31 28 29 37  0 41 34 36  0  0 39 35 42  0 45 47  0 43  0  0 44 56  0 52 58  0 51 59  0 55  0 60 66 67 65  0  0 61 68 73 72 76 70  0 71 69 77 74 80 78  5  0  1  0 81 79  0 10  9  0 12  8  7  0 11  6 23 20 16  0 17 15  0 19 18
 70  0 75 77  0 69 76 73 74  1  0  0 79  0  2 78  3  0  6 14  9  0 12  7 10 13  8 20 18 16 22 17 15 23 21 19 27 24  0 31 29 28 26 25 32  0  0 40 34 39 35 33 41 38 44 42 50 49 46 48  0 43 47 55 54  0  0 53 52 59  0 51 68  0 61 67 62  0 66 64 63
 61 62 66 68  0 60  0 64 65 73 76  0 70 72 74 69 75 71 78  5 81  2  3 79  1  4 80 11  9  7 13  0  0  0 12  0 18 15 21 22 20 19 17  0 23 28 27 31 25 30 26  0 32 29 35 33 41 40 37 39 36 34 38 46 45 49  0 44 43 50 47 42  0 56  0 58  0  0 57 55 54
 16 17 21 23 18 15 22 19  0 28 31 32 25  0 29 24 30 26 33 41 36 38 39 34 37 40 35  0  0  0 49 44  0  0  0 46 54  0  0 58  0 55 53 52 59 64 63 67 61  0 62 60 68  0 71 69 77 76 73 75 72 70  0  1  0  4  3 80 79  5  2 78 14  0  7 13  8  6 12 10  9
 53 54 58 60 55 52 59 56 57 65 68 69 62 64 66 61 67 63 70 78 73 75 76 71 74 77 72  3  0 80  5 81 79  6  4  2 10  7 13  0 12 11  9  8 15  0 19 23 17 22  0 16 24 21 27  0 33 32 29 31 28 26 30 38 37 41 40 36 35 42 39 34 51 48 44 50 45 43 49 47 46
 62 63 67  0 64 61 68  0 66 74 77 78 71 73 75 70 76 72 79  0  1  3  4 80  2  5 81 12  0  8  0  9  7 15 13 11 19 16 22 23  0  0 18 17 24 29 28  0 26 31 27 25 33 30  0  0  0  0  0 40  0 35 39 47  0 50  0 45 44 51 48  0 60 57  0 59 54 52 58  0 55
 17  0 22 24 19 16 23 20 21 29 32  0 26 28 30 25 31  0 34 42 37  0 40 35 38  0 36 48 46 44  0 45 43 51  0 47 55 52 58 59 57  0 54 53 60 65 64 68 62 67  0 61 69 66 72 70  0  0 74 76  0 71 75  2  1  0  4 81 80  6  3 79 15 12  8 14  9  0 13 11 10
  0 36  0 42 37 34  0  0 39  0 50  0 44 46 48 43  0 45 52 60 55 57 58 53 56 59 54 66 64 62  0 63 61 69 67 65 73 70 76 77 75 74 72 71 78  0  1  5  0  4  0 79  6  3  0  7  0 14  0 13 10  8 12 20  0 23 22 18  0 24 21 16 33 30 26 32 27  0 31 29  0
 26 27 31 33 28 25 32 29  0 38  0 42 35 37 39 34 40 36 43 51 46 48  0 44 47 50 45 57  0 53  0 54 52 60  0  0  0 61 67 68 66 65 63 62 69 74  0 77 71 76 72 70 78  0  0 79  0  5  2  4  1 80  3  0 10  0 13  9  8 15 12  7 24 21 17 23 18 16 22 20 19
  8  9 13  0  0  7  0  0  0 20 23 24 17 19 21  0 22 18 25 33 28 30 31  0 29 32 27  0 37 35 41 36 34 42 40 38 46 43 49 50 48 47 45 44 51  0 55 59 53 58  0 52 60 57 63  0 69 68 65 67 64 62 66 74  0 77 76 72 71 78 75 70  6  0  0  5 81 79  4  2  0
 80 81  4  6  1 79  5  2  0 11 14  0  8 10  0  7 13  9 16 24 19 21 22 17 20 23 18  0  0 26 32 27 25 33 31 29 37 34 40 41 39 38 36 35 42 47 46 50 44 49  0  0 51 48 54 52 60  0 56 58 55 53 57 65 64 68 67  0  0 69 66 61 78 75 71  0 72 70 76 74 73
 71 72 76 78 73 70  0 74 75  2  5  0 80  1  3 79  4 81  7  0 10 12 13  8  0 14  0 21 19 17 23 18 16 24 22 20 28 25  0 32  0 29 27 26 33 38 37 41 35  0 36 34 42 39 45 43 51 50 47  0 46 44 48 56 55  0 58  0 53 60 57  0 69 66  0 68  0  0 67 65 64
 44  0 49 51 46 43  0 47  0 56 59 60 53 55 57 52  0 54  0 69 64 66 67 62 65 68 63  0  0  0 77  0 70 78 76  0  1 79  0  5  0  0  0 80  6 11  0 14  0 13  9  7 15 12 18 16 24  0 20 22 19 17  0 29  0  0 31 27 26 33 30 25 42 39 35 41  0 34 40  0 37
  0 37 41  0 38 35  0  0 40 48 51 52 45 47 49 44  0  0 53  0 56  0 59 54 57 60 55 67 65 63 69  0  0 70 68 66 74 71 77 78 76 75 73 72 79  3  2  6 81  5  1 80  7  4 10  8 16 15 12 14  0  9 13 21 20 24 23 19 18 25 22  0 34  0 27  0 28 26  0 30 29
 81  0  5  0  2 80  0  3  4 12 15 16  9 11 13  8 14 10  0  0 20 22 23  0 21 24 19  0 29  0 33  0  0 34 32 30 38  0 41 42 40  0 37 36  0 48  0 51  0 50 46 44 52 49 55 53 61 60 57 59 56 54  0 66 65 69  0 64 63  0  0 62 79 76 72 78 73 71  0 75 74
  0 46 50 52 47 44 51 48 49 57 60  0 54  0  0 53  0 55 62 70 65 67 68 63 66 69 64 76 74 72 78 73  0  0  0 75  2 80  5  6  4  0  1 81  7 12 11 15  9 14  0  8 16 13 19 17 25 24 21  0  0 18  0 30  0 33 32 28 27 34 31 26 43 40  0 42 37 35 41 39 38
 72  0 77 79  0 71 78 75 76  3  6  7 81  2  4 80  5  1  8 16 11  0 14  9 12 15 10  0 20 18 24 19 17 25  0 21 29 26 32 33 31 30 28 27  0 39 38  0 36  0 37  0  0 40 46 44 52  0  0 50  0 45 49  0 56  0 59  0 54  0 58 53 70 67 63 69 64 62  0 66 65
  9 10 14  0 11  0  0 12 13 21 24 25 18 20 22  0 23 19 26 34 29 31 32 27 30  0  0 40 38 36 42 37 35 43 41 39 47 44 50 51 49  0 46 45  0 57 56 60 54 59 55 53 61 58 64 62 70 69 66 68 65 63 67 75  0 78  0  0  0 79 76  0  7  4 81  0  1 80  0  0  2
 54 55 59 61 56  0 60 57 58 66  0 70 63 65 67 62 68 64 71 79  0 76  0 72 75 78 73  4  2 81  6  1  0  7  0  3 11  8  0  0 13  0 10  0 16 21 20  0 18 23  0 17 25 22  0  0 34 33 30 32  0 27 31 39  0  0 41 37 36  0 40 35 52 49 45 51  0 44 50 48  0
 18  0  0  0 20 17 24 21 22 30 33 34 27  0 31 26 32 28  0 43 38 40 41  0 39 42 37 49  0  0 51 46 44 52 50 48 56 53 59 60 58 57  0 54 61 66  0 69 63  0 64 62 70 67 73 71  0 78 75 77 74 72 76  3  2  6  5  1  0  7  0 80 16 13  9  0 10  8 14  0  0
 27 28 32 34  0 26 33  0 31 39 42  0 36  0 40 35 41  0  0 52  0 49 50 45 48 51 46  0 56 54  0 55 53 61 59 57 65  0 68 69 67 66 64 63 70 75 74  0 72 77 73  0 79 76  1 80  7  6  3  5  2 81  4 12 11 15  0 10  9 16 13  8 25 22 18 24 19 17 23 21 20
  0 64 68 70 65 62  0 66  0 75 78 79 72 74 76 71 77 73 80  7  2  4  0 81  3  6  1  0 11  0 15 10  8 16 14 12  0 17  0 24 22 21 19 18  0  0  0 33  0 32 28  0 34 31 37  0 43 42 39 41 38  0  0 48 47 51  0 46 45 52 49 44 61 58 54 60 55 53  0 57 56
  1  0  0  8  3  0  7  4  5 13  0 17 10 12 14  9 15 11  0  0 21 23 24 19 22  0 20 32 30 28  0 29  0 35 33 31 39 36  0  0 41 40 38 37  0 49 48 52 46 51 47  0 53  0 56 54 62 61 58  0  0  0 59 67 66 70 69 65 64  0 68 63 80 77 73 79 74 72  0 76 75
  0 20 24 26 21 18 25 22 23 31 34 35  0 30 32 27  0 29 36 44 39 41 42 37 40 43 38 50  0 46  0 47 45 53  0 49  0 54 60 61 59 58 56 55  0  0 66 70 64 69 65 63 71  0 74 72 80 79 76 78 75 73 77  0  3  7  6  2  1  8  5 81  0 14 10 16 11  0  0  0 12
  0 11  0 17  0  9  0  0 14 22 25 26 19 21 23  0 24 20 27 35  0  0 33  0 31  0 29 41 39 37  0  0 36 44 42 40 48 45 51 52  0 49 47 46 53  0  0 61  0 60  0 54 62 59 65 63  0 70 67 69 66  0 68 76 75  0 78 74  0 80 77 72  8  5  1  0  2  0  0  4  3
 64 65 69 71 66 63 70  0 68 76 79 80 73 75 77 72 78  0 81  8  3  5  0  1  4  7  2 14 12 10 16 11  9 17 15 13  0 18  0  0 23 22 20  0 26 31 30 34 28 33 29 27 35 32  0  0 44 43 40 42 39 37 41 49 48 52 51 47  0 53  0 45 62 59 55 61 56 54 60 58 57
 55 56 60 62 57 54 61 58 59 67 70 71  0 66  0 63 69 65 72 80  0 77 78 73  0 79 74  0  3  1  7  2  0  8  6  0 12  0 15 16 14 13 11  0 17 22 21  0 19  0 20 18 26  0 29  0 35  0 31 33 30 28 32 40 39  0 42 38  0  0 41 36  0 50 46  0 47 45  0 49 48
  0 47 51 53 48 45  0 49 50 58 61 62 55 57 59  0 60 56 63  0 66 68  0 64 67 70 65 77 75 73 79 74 72 80 78  0  3 81  6  7  5  0  2  1  8 13  0 16 10 15 11  9  0 14 20 18 26 25 22  0 21 19 23 31 30 34 33  0 28 35 32 27 44 41 37 43  0 36 42 40 39
  0 38 42 44 39 36 43 40 41  0 52 53  0  0 50 45 51 47 54  0 57 59 60 55 58 61 56  0 66  0 70 65 63 71 69 67 75 72 78 79 77  0 74 73  0  0  3  7  1  6  2 81  8  5 11  0  0 16 13 15 12 10 14  0  0 25 24  0 19 26 23  0 35 32 28 34  0  0 33 31 30
 28 29 33 35  0  0 34 31  0  0 43 44 37 39 41 36 42 38 45  0 48 50  0 46  0 52 47 59 57 55 61 56 54 62 60 58 66 63 69 70  0 67 65  0  0 76 75 79  0 78 74 72 80  0  2 81  0  0  4  0  3  1  5 13 12  0 15 11 10 17 14  9  0 23 19  0 20  0  0  0 21
 73 74  0 80  0 72  0  0 77  4  7  8  1  0  0  0  0  2  9 17 12 14  0  0 13 16 11 23 21 19 25 20 18 26 24 22 30 27 33 34 32 31 29 28 35 40 39 43 37 42 38 36 44 41 47 45 53 52 49 51 48 46  0 58 57 61 60 56  0  0  0  0 71  0 64 70 65 63 69 67 66
