9
  9  0  2  6  0  0  8  7  3 17 11  0 16 14 10  0 15 12 23 25 20 19 24 26 27  0  0  0 32 30 35 36 28 29 33 31 37 42  0 43  0 41 45 40  0 49 48 51 47 54 53 52  0 46 63  0  0 56 61  0  0  0 60 70 66 69 65 67 64 72 68 71 80 81  0 79 73 74 76 77 75
 45 41  0  0 37 40 44 43 39 53 47  0 52 50 46 54 51 48 59 61  0 55  0 62  0 58 57 70 68 66 71 72 64 65 69 67  0  0 75 79 80 77 81 76 74  4  3  0  2  9  8  7  5  1 18 13 10 11 16 17 14 12 15 25 21 24 20 22 19  0 23 26 35 36  0 34 28 29 31  0  0
 72 68 65 69 64 67 71 70 66 80 74 76  0 77 73 81  0  0  0  7  2  1  6  8  0  0  3 16  0  0 17 18 10 11  0 13 19 24 21 25 26  0 27 22 20 31 30  0 29 36  0  0 32 28 45 40 37 38  0 44 41 39  0 52 48 51 47 49 46  0 50 53  0 63  0 61 55  0  0 59 57
  0 23 20 24 19 22 26 25 21  0  0 31 34 32 28 36 33 30  0 43 38 37  0 44 45 40 39 52 50  0 53 54 46  0 51 49 55 60 57 61 62 59 63 58 56 67 66 69 65 72 71 70 68 64 81 76 73 74 79 80  0  0 78  7  3  6  2  4  0  9  0  8 17 18 15 16 10 11 13  0 12
 81 77 74 78  0 76 80  0 75  8  2  0  7  5  0  9  6  0 14 16 11 10 15 17 18 13 12 25 23 21 26 27 19 20 24 22 28 33  0 34 35 32 36 31 29 40 39  0 38 45 44  0 41  0 54 49 46 47  0  0 50 48 51 61 57 60 56 58  0 63 59 62 71 72 69 70 64  0 67 68 66
 54 50 47 51  0  0 53  0 48 62  0 58 61  0 55 63 60  0 68 70 65 64 69 71 72 67 66 79 77 75 80  0 73 74 78 76  1  6  3  0  8  0  9  0  2 13 12 15 11 18 17  0 14 10 27  0  0 20  0 26  0  0 24 34  0 33 29  0 28 36 32 35 44 45 42 43 37 38 40  0 39
  0  0 29  0  0 31 35 34 30  0 38  0 43 41 37 45 42  0 50 52 47  0 51 53  0 49 48 61 59  0  0  0  0 56 60  0 64  0 66  0 71 68 72 67 65 76  0 78 74 81 80 79 77 73  9  4  1  0  7  0  0  0  6 16 12 15 11  0  0 18 14 17  0  0 24  0 19 20  0  0 21
 63 59 56 60 55  0  0 61 57 71 65 67 70 68 64  0  0 66 77 79 74  0 78 80 81 76  0  7  5  3  8  9  1  2  6  4 10  0 12 16 17 14 18  0 11 22 21  0 20 27 26 25  0 19 36 31  0 29 34 35  0 30  0  0  0 42  0 40 37 45 41 44  0 54 51 52  0 47 49 50 48
 18 14 11 15 10  0 17 16  0 26  0 22 25  0  0 27 24 21 32 34 29 28 33  0 36 31 30 43 41 39 44 45  0  0 42 40 46  0 48 52 53 50 54 49 47 58 57 60 56 63 62  0 59 55 72 67 64 65 70  0 68 66  0 79 75  0 74 76 73 81 77 80  8  9  6  0  0  2  4  5  0
  0  0 48 52 47 50 54  0 49 63 57 59  0 60 56 64 61 58 69 71  0  0 70 72 73 68 67 80 78 76 81  1  0 75 79 77  2  7  4  8  9  6 10  5  3 14  0  0  0 19 18 17  0 11 28 23 20 21 26 27 24 22 25  0 31  0 30 32 29 37 33 36 45 46  0 44  0  0  0 42 40
 64 60 57 61 56 59 63 62 58 72 66 68  0 69 65 73  0 67 78 80 75 74 79 81  1 77  0  0  6  0  0 10  2  3  7  5 11  0 13 17  0  0 19 14 12 23 22 25 21 28 27  0 24 20  0 32 29 30 35 36 33  0 34 44 40 43 39  0  0 46  0 45 54  0 52 53 47 48 50 51 49
 37  0 30 34 29 32 36  0 31  0  0 41 44 42 38 46 43 40 51 53 48  0 52 54 55  0 49  0 60 58 63 64  0 57 61  0 65 70 67 71 72 69 73 68 66  0 76 79  0  1 81 80 78 74 10  5  2  3  8  9  6  4  7 17 13 16 12 14  0  0 15 18 27 28 25  0 20  0 23 24 22
  1 78 75  0 74 77 81  0 76  0  3  5  8  0  2 10  7  4 15 17 12 11 16 18 19  0 13 26 24 22 27 28  0 21  0 23 29 34 31  0 36 33 37  0 30 41 40 43  0 46 45 44  0 38 55 50  0 48 53 54 51 49  0 62 58 61 57 59 56 64 60 63 72 73 70 71 65 66  0 69 67
 73 69  0 70  0 68 72  0 67 81 75 77 80 78  0  0 79 76  6  8  3  2  7  9 10  0  4  0 15 13 18 19 11 12 16 14  0 25 22 26 27 24 28  0  0  0 31 34 30 37 36 35 33 29 46 41 38  0 44 45  0  0  0 53 49  0 48  0 47 55 51  0  0 64 61 62  0 57  0 60 58
 28 24 21 25 20 23 27 26 22 36 30 32 35 33 29 37  0  0  0 44  0 38 43 45 46 41 40 53 51 49  0  0  0 48  0 50  0  0 58  0 63 60  0  0 57 68 67  0 66 73 72 71 69  0  0 77 74  0  0 81 78 76 79  0  4  7  3  5  2 10  6  9 18  0 16 17 11 12 14  0 13
  0 15  0 16 11  0  0 17 13 27 21 23 26  0 20 28 25  0 33 35 30 29 34 36  0 32  0  0  0  0 45 46 38  0 43 41  0 52 49 53 54 51  0 50 48  0 58 61 57 64  0  0 60 56 73 68 65 66 71 72 69 67 70 80 76  0 75 77 74  1 78 81  9 10  7  0  2  3  5  6  4
 10  6  3  7  2  5  9  8  4 18 12  0 17 15 11 19  0 13 24 26 21 20 25 27 28  0 22 35  0  0 36 37  0 30 34 32 38 43  0 44 45 42 46 41  0 50 49  0 48 55 54  0 51 47  0 59 56 57 62  0 60 58  0 71  0  0 66 68 65 73 69 72 81  1 79 80  0 75 77 78 76
 46 42 39 43 38 41 45 44 40  0 48 50 53  0 47 55 52 49  0  0 57 56 61 63 64 59  0 71 69 67 72 73 65 66 70 68  0  0 76 80 81  0  1 77 75  5  4  7  3 10  9  8  0  2  0 14 11  0 17  0  0  0  0  0 22  0 21 23 20 28 24  0 36 37 34 35 29 30  0 33 31
 65 61 58  0  0 60 64 63 59 73  0 69 72 70 66 74 71 68  0 81 76  0 80  0  2 78 77  9  7  5 10 11  3  4  8  6 12  0 14 18 19 16  0 15 13 24 23 26 22 29 28 27 25 21 38 33 30 31 36 37 34 32 35 45 41 44 40 42 39 47 43  0 55  0 53  0  0 49 51 52 50
 11  7  4  0  3  6 10  9  5 19 13 15 18 16 12 20 17 14 25 27 22 21  0 28 29 24 23 36 34 32 37 38 30  0 35 33 39 44 41  0 46 43 47  0 40  0 50  0 49 56 55 54 52 48  0  0  0  0 63 64 61 59 62 72 68 71 67  0 66 74 70  0  1  2 80 81  0 76 78 79  0
 74  0 67 71 66 69 73 72  0  1  0 78 81 79  0  2  0 77  7  9  4  0  8  0 11  6  5 18  0 14 19  0  0  0  0  0  0 26 23  0 28  0 29 24 22 33 32 35 31 38 37 36 34  0 47 42  0 40 45  0 43  0 44 54 50  0 49 51  0 56 52  0 64  0 62 63 57  0 60 61 59
 38 34  0 35 30 33 37 36 32 46 40  0 45  0  0 47 44  0 52 54 49 48 53 55 56 51 50 63 61 59 64 65  0 58  0  0 66 71 68 72 73 70 74 69 67 78 77 80 76  2  1 81 79  0 11  6  0  4  9 10  7  5  8 18 14  0 13  0 12 20 16  0 28 29  0 27  0 22 24 25  0
  2  0 76 80 75 78  1 81  0 10  4  6  9  7  3 11  8  5 16 18 13 12 17 19 20 15 14 27  0 23 28 29 21 22  0 24 30 35 32 36 37 34 38 33 31 42  0 44 40 47 46 45 43 39  0 51  0 49 54 55 52 50 53  0 59 62  0  0 57  0 61 64 73 74  0 72 66 67 69 70 68
 47  0 40 44 39 42 46 45 41 55 49  0 54 52 48  0 53 50 61  0  0 57 62  0 65 60 59 72 70 68  0 74  0 67 71 69 75 80 77 81  1  0  2 78  0  6  5  8  0 11  0  9  7  3 20 15  0 13  0 19 16 14 17 27  0  0 22 24 21 29 25 28 37 38 35 36  0  0 33 34 32
 20 16  0 17 12 15 19 18 14  0 22 24 27 25 21 29  0 23 34 36 31 30 35 37 38 33  0 45  0 41  0 47 39 40 44 42 48 53 50 54 55  0 56  0 49 60  0 62 58 65 64  0  0 57  0  0 66 67 72 73 70 68 71 81  0  0 76 78 75  2 79  1 10 11  8  9  3  4  6  7  5
 29  0 22  0 21 24 28 27 23 37 31  0  0 34 30 38 35 32 43  0  0 39  0 46 47 42  0 54 52 50 55 56 48 49 53 51 57 62 59 63  0 61 65  0 58  0 68 71 67 74 73 72 70 66  2  0  0 76 81  0 79 77  0  9  0  8  4  6  3 11  7 10 19 20  0 18 12 13 15 16  0
  0 52 49  0  0 51 55  0 50 64 58 60 63  0 57 65 62 59  0 72  0 66  0 73  0 69  0 81 79 77  1  2 75  0 80 78  0  8  5  0 10  0 11  6  4 15 14 17 13 20 19  0 16 12 29 24 21 22 27 28 25  0 26 36 32 35 31 33  0 38 34  0 46 47  0 45 39 40 42 43  0
  0 17  0 18 13 16 20  0  0 29 23 25 28  0  0  0 27 24  0  0  0 31 36 38  0 34 33 46 44 42 47 48  0 41 45 43 49 54 51 55 56  0 57 52 50 61 60 63 59 66  0 64 62  0  0 70 67 68 73  0 71 69 72  1 78 81 77 79 76  0 80  2 11 12  9  0  4  5  0  8  0
 75 71  0  0 67  0 74 73  0  2 77 79  1 80  0  0  0 78  8  0  0  4  9 11 12  7  6  0 17 15 20 21 13 14 18 16  0 27  0 28  0 26 30 25  0 34 33 36 32 39 38 37 35 31 48  0 40  0 46 47  0 42 45  0 51 54 50  0 49 57 53 56 65 66 63  0 58 59  0 62 60
 48 44 41 45  0  0 47  0 42 56 50  0 55 53 49 57  0  0 62 64  0 58 63 65  0 61 60 73 71 69  0 75 67 68  0 70  0 81  0  0  2  0  3 79 77  0  0  9  5 12 11 10  0  4 21 16  0 14 19 20 17 15 18 28 24 27 23  0  0  0 26 29 38 39 36 37 31 32 34 35 33
 12  8  0  9  4  7 11 10  6 20  0  0 19  0 13 21 18 15  0 28 23  0 27  0 30 25 24 37 35 33  0 39 31 32 36  0 40 45 42  0 47 44 48 43 41 52  0 54 50  0 56 55 53 49  0 61 58 59 64 65  0 60 63  0 69 72 68 70 67 75  0  0  2  3  0  1 76  0 79 80 78
 57 53  0 54 49 52 56 55  0 65 59 61 64  0  0 66  0  0 71  0  0 67 72 74  0 70 69  1 80 78  2  3 76 77 81 79  4  9  6 10 11  8 12  7  5  0 15 18 14 21 20  0 17 13 30 25 22 23 28 29 26  0 27 37 33  0 32 34 31 39 35 38  0  0 45 46 40 41 43 44 42
 66  0 59  0  0 61 65 64 60 74 68 70 73 71 67 75 72 69  0  1 77 76  0  0  3 79 78 10  8  6  0 12  4  5  9  7 13 18 15 19 20  0  0 16 14 25 24 27  0  0 29 28 26 22 39 34  0 32  0 38  0 33 36 46 42 45  0 43 40 48  0 47 56 57 54 55 49  0 52 53 51
 39 35 32 36 31  0  0 37 33 47  0  0 46 44  0 48  0  0 53 55 50 49 54 56 57 52 51 64 62 60 65 66 58 59  0 61 67 72 69 73 74 71 75 70 68 79 78 81 77  3  2  1 80 76 12  7  4  5 10 11  8  6  9 19 15 18 14 16  0 21 17 20 29 30  0 28 22 23 25 26  0
  3 80 77 81 76 79  2  1 78 11  5  7 10  8  4 12  9  6 17 19 14 13 18 20 21 16 15 28 26 24  0  0 22 23  0 25 31  0 33 37  0 35 39 34 32  0  0 45 41  0 47 46 44 40 57 52 49 50  0  0  0  0 54 64 60 63 59 61 58 66  0  0 74 75  0 73  0  0 70 71 69
  0 26 23 27 22  0 29 28 24  0  0 34 37 35 31  0  0 33  0 46 41 40 45 47 48 43  0  0 53 51  0  0 49 50 54 52 58 63 60 64 65 62 66  0  0 70  0 72 68 75  0  0 71  0  3 79 76 77  1  2  0 78 81 10  6  9  5  7  4 12  8 11 20 21  0 19 13 14 16 17 15
  0 81 78  1 77 80  3  0 79 12  6  8 11  9  5 13 10  7 18 20 15 14 19 21  0  0 16 29 27 25  0  0 23  0 28 26 32 37 34  0 39 36 40  0 33 44 43 46 42 49 48 47 45  0 58  0 50 51  0  0 54 52 55 65 61  0 60 62  0 67 63 66 75 76 73 74 68 69 71 72 70
 67  0 60 64 59 62 66  0 61 75 69  0 74 72 68 76 73 70 81  0 78 77  1  0  4  0 79 11  9  0 12 13  5  6 10  0 14 19 16 20 21 18 22 17 15 26 25 28 24 31 30 29 27 23 40 35 32 33 38 39 36  0 37 47 43 46 42 44 41 49  0 48 57 58 55 56 50 51 53 54  0
 31 27 24 28  0  0  0 29  0 39 33 35 38 36 32 40 37 34 45 47 42 41 46 48 49 44 43 56 54 52 57 58 50 51  0 53  0 64 61 65 66  0  0 62 60 71  0  0 69  0 75 74 72 68  4 80 77 78  2  3 81  0  1 11  7  0  6  0  5 13  9 12 21 22 19 20 14  0 17 18  0
 58 54  0 55 50 53 57 56 52  0 60 62 65 63 59 67  0  0  0  0 69 68 73 75 76  0 70  2 81 79  0  4 77 78  1 80  0 10  7 11 12  9 13  8  6 17  0 19 15 22  0  0 18 14  0 26 23 24 29 30  0 25 28 38 34  0  0 35 32  0 36 39 48  0 46 47 41 42  0 45 43
  0 72 69 73  0  0  0  0 70  3 78 80  2 81 77  4  1 79  9  0  6  5 10  0  0  8  7  0 18 16 21 22  0 15 19 17 23 28 25 29 30  0 31  0 24 35  0 37  0 40 39 38 36 32 49  0 41  0 47 48 45  0 46 56 52 55 51 53  0  0 54 57 66  0 64 65 59 60 62 63 61
  0  9  6  0  5  8 12 11  7 21 15 17  0 18  0 22 19 16 27 29 24  0 28  0  0 26  0 38 36  0 39 40 32 33  0 35 41 46 43 47 48 45 49 44 42 53 52 55 51 58 57 56 54 50 67 62 59 60 65 66 63 61 64  0 70 73 69 71  0 76 72 75  3  4  1  2 77 78 80 81 79
 40 36 33 37 32 35 39 38 34 48  0 44  0 45 41 49 46 43 54 56 51 50 55 57 58 53 52 65 63 61 66 67 59 60 64 62 68 73  0 74 75 72 76  0 69 80 79  0 78  4  3  2  0  0 13  8  5  6 11 12  9  7 10 20 16  0 15 17 14 22  0 21 30 31 28 29 23 24 26 27 25
 22  0 15 19 14 17 21 20 16  0 24 26 29 27 23 31 28  0 36 38 33  0 37 39 40 35 34  0 45 43  0 49 41 42 46 44 50 55 52 56 57 54  0 53 51 62 61  0  0  0 66 65 63 59 76 71 68 69 74 75  0 70 73  2 79  1 78 80 77  0 81  3 12 13 10 11  5  6  8  9  7
 49 45 42  0 41 44  0 47 43 57 51 53  0 54 50 58 55 52 63 65 60 59 64 66 67  0 61  0 72 70 75 76 68 69 73 71 77  1  0  2  3 81  4 80 78  8  7  0  6 13 12 11  9  5 22  0 14  0 20 21 18 16  0 29 25 28 24 26  0  0 27 30  0 40 37 38 32 33 35  0  0
 23 19 16  0 15 18 22 21 17 31 25  0 30 28 24 32 29 26 37 39 34  0 38 40 41 36 35  0 46 44 49  0  0  0  0  0  0  0 53  0 58 55 59 54 52 63 62  0 61 68 67  0 64  0 77 72 69 70 75 76 73 71  0  3 80  2 79  0 78  5  1  4 13 14  0 12  6  7  9 10  8
 68 64 61 65 60  0  0 66 62 76 70 72 75 73 69  0 74 71  1  3 79 78  2  4  5 81 80 12  0  0 13  0  0  7 11  9 15 20 17 21 22 19 23 18  0 27 26 29 25 32 31 30 28  0 41 36 33 34 39 40 37 35 38  0 44 47 43 45 42 50 46 49 58  0 56 57  0  0 54 55  0
 14 10  0 11  6  9  0 12  8 22 16 18  0 19 15 23 20  0 28 30  0 24  0  0  0 27 26  0  0  0 40 41 33 34 38  0  0 47 44 48 49 46 50  0 43 54 53 56  0 59 58  0 55 51 68  0 60  0 66 67 64 62 65 75 71 74 70 72 69 77  0 76  4  5  0  3 78 79 81  1 80
  0 46  0 47 42 45 49 48 44 58 52 54 57 55 51 59 56 53 64  0  0 60 65 67 68 63 62 75 73  0  0 77 69 70 74 72 78  2 80  3  0  1  5 81 79  9  8 11  7 14 13 12 10  0 23  0  0 16 21 22 19 17 20  0 26  0 25  0  0  0 28 31 40 41  0 39 33 34 36 37 35
 77 73 70 74 69  0 76 75  0  0 79  0  3  1 78  0  2  0 10 12  7  6  0 13 14  9  0 21 19 17  0 23 15 16 20 18 24 29 26  0 31 28 32 27 25  0 35 38 34 41 40 39  0 33 50  0 42 43 48 49 46 44 47  0 53  0 52 54 51 59 55  0 67 68  0 66  0 61 63 64 62
 32 28 25 29 24 27 31 30  0  0  0 36 39 37  0 41  0 35  0  0 43 42 47  0  0 45 44  0 55  0 58 59 51 52 56  0 60 65  0 66 67  0 68  0 61 72 71 74 70 77 76  0  0 69  5 81 78 79  0  0  1 80  0 12  8 11  7  9  6  0 10  0  0 23 20  0 15 16 18 19 17
 41 37 34 38 33  0 40 39 35 49  0 45 48 46  0 50 47 44  0  0  0  0 56 58  0 54 53 66 64 62 67  0  0 61  0 63 69  0  0 75 76  0 77 72 70 81 80  0 79  0  4  3  1 78 14  9  6  7  0 13 10  8 11 21 17 20 16 18 15 23 19 22 31 32 29 30 24 25 27 28 26
 59 55 52  0 51 54 58 57  0 67 61  0 66 64 60 68 65 62 73 75 70 69  0  0 77 72 71  0  1 80  4  5 78 79  2  0  6 11  0 12  0 10 14  9  7 18  0 20  0 23 22  0 19  0 32  0 24  0 30 31 28 26  0 39 35 38 34 36 33 41 37 40 49 50  0 48  0  0 45 46 44
  5  1 79  2 78 81  4  3  0  0  7  0  0 10  0 14 11  8 19 21 16  0 20 22 23 18 17 30 28  0  0 32 24 25  0 27 33 38 35 39 40  0  0  0 34 45 44  0  0 50 49 48  0 42  0  0 51  0 57  0 55 53  0 66 62 65 61 63 60 68 64 67 76 77 74  0 69 70 72 73  0
 60 56 53 57 52 55 59 58 54 68 62 64 67 65 61 69 66 63 74 76 71 70 75 77 78 73 72  4  2 81  5  6 79 80  3  0  7 12  9 13  0 11 15 10  8 19  0 21 17 24 23 22  0 16 33 28  0 26 31 32 29 27 30 40 36 39 35 37 34 42 38  0 50 51 48 49 43 44 46 47 45
 24 20 17 21 16 19 23 22  0 32 26 28 31 29 25  0 30  0 38 40 35 34  0  0 42 37 36  0 47 45  0  0 43 44 48 46 52 57 54 58 59  0 60 55 53 64  0 66 62 69 68 67 65 61  0  0 70 71 76  0 74 72 75  4 81  3 80  1 79  6  2  0 14 15 12 13  0  8 10 11  9
  6  2 80  0 79  1  5  4 81 14  8 10 13 11  7  0  0  9 20 22 17 16 21 23 24 19 18 31 29 27 32 33 25 26  0  0 34 39 36 40 41 38 42 37 35 46  0 48 44 51 50 49 47  0 60 55 52 53 58  0 56 54 57 67  0 66  0 64 61 69 65 68  0 78 75 76 70 71 73 74 72
 78 74 71 75 70 73  0 76 72  5 80  1  4  2 79  0  3 81  0 13  8  7 12 14  0 10  0 22 20 18 23 24 16 17 21 19 25  0 27  0 32 29 33 28 26 37 36 39 35 42 41  0 38 34 51 46 43 44  0 50 47 45 48 58  0 57 53 55  0 60  0  0 68 69 66 67  0  0 64 65  0
 33 29 26  0 25 28 32 31 27  0 35 37 40 38 34 42 39 36 47  0 44 43 48 50 51 46 45  0  0 54  0 60 52 53 57  0 61 66 63 67 68 65 69  0 62  0 72  0 71 78 77 76 74 70  0  1 79 80  4  5  2  0  0 13  9 12  8 10  7 15  0  0 23 24 21 22 16 17 19 20 18
  0  0  8  0  7  0  0 13  9 23 17 19 22  0  0 24 21 18 29 31  0 25 30 32 33 28 27 40 38 36 41 42 34 35  0 37 43 48 45 49 50 47 51 46 44 55  0  0 53 60 59 58  0 52 69 64  0 62 67 68 65 63 66 76 72 75 71  0 70 78 74 77  5  6  0  4 79  0  0  2 81
 51 47 44  0 43 46  0 49  0 59 53 55  0 56 52 60 57 54 65 67 62  0 66 68 69 64 63 76  0  0 77 78 70  0  0  0 79  0  0  0  5  0  6  1 80  0  9 12  0 15 14 13 11  7 24 19 16 17 22  0 20 18  0 31 27 30 26  0 25 33 29  0 41 42 39  0 34 35 37  0  0
 42  0  0 39 34 37  0  0 36 50 44 46  0  0 43  0 48 45 56 58 53 52 57 59 60 55 54 67 65 63  0 69 61  0 66 64 70 75 72 76 77 74 78 73 71  1  0  3  0  6  5  4  0 79  0 10  7  8 13 14  0  0 12 22 18 21  0  0 16 24 20 23 32 33 30 31  0  0  0 29 27
  0  0 62 66 61 64 68 67 63 77 71 73 76 74 70 78 75 72  2  4  0 79  3  5  0  1 81 13 11  9  0 15  7  8 12  0 16  0 18 22 23  0 24 19 17 28 27 30 26 33  0 31 29 25  0  0  0 35 40  0  0  0 39  0 45 48 44  0  0 51 47 50 59 60 57 58 52  0 55  0 54
  0 21 18 22 17 20 24  0  0 33 27  0 32 30 26 34 31 28 39 41  0  0 40 42 43 38 37 50 48 46 51 52 44  0 49  0 53 58  0 59 60 57 61 56 54  0 64 67 63 70 69  0 66 62  0 74 71 72 77 78 75 73 76  5  1  0  0  2 80  7  3  6  0 16 13 14  8  9  0  0 10
  0  3 81  4 80  2  0  5  0 15  9 11 14 12  8 16 13 10 21 23  0  0 22 24  0 20 19 32 30  0 33 34  0  0  0 29  0 40 37 41 42  0  0 38 36  0 46 49  0 52 51 50 48 44 61 56 53 54 59 60 57 55  0  0 64  0 63 65 62  0 66 69 78 79 76  0 71 72 74 75 73
 52 48  0 49 44 47  0 50 46 60 54  0  0 57 53  0  0 55 66 68 63 62 67 69 70 65 64  0 75 73 78  0  0 72 76 74 80  4  1  5  6  0  7  2 81 11  0 13  9 16 15 14 12  8 25  0 17 18  0 24 21 19  0 32 28 31 27  0 26 34 30 33 42 43 40 41 35  0 38 39 37
 61 57 54 58  0 56 60 59 55  0 63 65 68 66 62 70 67 64 75  0 72 71 76 78 79  0 73  0  3  1  6  7  0 81  4  2  8 13 10  0  0  0 16 11  0 20  0  0 18 25  0 23 21 17 34  0  0 27 32 33 30  0 31 41 37 40 36  0 35  0 39  0 51 52 49 50 44 45  0 48  0
  0  0  0 40 35 38  0 41 37 51 45  0  0 48 44 52 49  0 57 59 54 53  0 60  0 56 55 68 66  0 69 70  0 63 67 65 71 76 73 77 78 75 79 74 72  2  1  4 81  7  6  5  3 80 16  0  8  9 14 15 12 10 13 23 19 22 18  0  0 25 21 24  0 34  0  0 26 27 29 30 28
  0 12  9 13  0 11  0 14 10 24 18 20 23 21  0 25 22 19 30 32 27 26 31  0 34 29  0 41 39 37 42 43 35 36 40 38 44 49 46 50 51  0  0 47 45 56 55 58 54 61 60 59 57 53 70 65 62 63 68 69 66 64 67  0  0 76  0  0  0 79 75 78  0  7  4  0 80 81  2  0  1
 79 75 72 76 71  0 78 77  0  6 81  2  5  3 80  7  4  1 12 14  9  8  0 15 16 11 10  0 21 19 24 25 17 18  0 20 26 31 28 32 33 30  0 29 27 38 37 40 36  0  0  0 39  0 52  0 44 45 50  0  0 46 49 59  0 58 54 56 53  0  0  0 69 70 67  0 62 63 65 66 64
 70 66  0  0 62 65  0 68 64 78 72 74 77 75 71 79 76 73  3  0 81 80  4  6  7  2  1 14 12 10 15 16  8  0  0 11 17 22 19  0 24 21  0  0 18  0 28 31  0 34 33 32  0  0 43 38  0  0 41 42 39 37  0  0 46 49 45 47 44 52 48 51 60 61 58  0 53 54 56 57 55
 34  0 27 31 26  0 33 32 28 42 36  0 41 39 35  0 40  0 48 50 45  0 49 51 52  0 46  0 57 55  0 61 53 54  0 56  0 67  0 68 69 66 70 65 63 74 73 76 72 79  0 77 75  0  7  2 80 81  5  6  3  1  4  0 10 13  9 11  8 16 12 15 24 25 22 23 17 18 20 21 19
 35 31 28  0  0  0 34 33 29 43 37 39 42  0 36 44 41 38  0  0 46 45 50 52  0 48 47 60 58 56 61 62 54 55 59 57 63  0 65 69 70 67  0 66  0 75 74  0  0 80 79 78 76 72  0  3 81  1  0  0  4  2  5 15 11 14 10 12  9 17 13  0  0  0 23  0  0 19 21  0 20
 62 58 55 59 54 57 61 60 56 70  0 66 69 67 63 71  0 65  0 78 73 72 77 79 80  0 74  6  0  2  7  8  0  1  0  3  0 14 11 15 16 13 17 12  0 21 20  0 19 26  0  0 22 18 35 30  0 28 33  0 31 29  0 42 38 41  0 39 36  0 40  0  0  0 50  0 45 46 48 49 47
 26 22  0 23 18 21 25 24 20 34  0 30  0 31 27 35 32 29 40 42 37  0 41 43 44 39 38  0 49 47  0 53 45  0 50  0 54 59 56 60 61 58  0  0 55 66 65  0 64 71 70 69  0 63 80 75 72 73 78 79 76 74 77  6  2  5  1  3 81  8  0  7 16  0 14  0  0 10 12  0 11
 44 40  0 41 36 39 43 42 38 52  0  0 51  0 45 53 50 47 58 60 55 54 59 61  0 57 56 69 67 65 70 71 63  0  0 66 72 77 74 78 79  0  0 75 73  3  2  5  1  8  7  6  0 81  0 12  0 10 15 16 13 11 14 24  0 23 19  0  0 26  0 25 34 35 32 33  0 28 30 31  0
  8  4  1  5  0  3  7  0  0  0 10 12 15 13  9 17 14 11 22 24 19  0 23  0  0 21 20 33 31 29  0 35  0 28 32 30 36 41 38  0  0 40  0 39 37 48 47  0 46 53 52 51  0  0 62  0 54  0  0 61 58 56 59 69 65 68 64 66 63  0 67 70 79 80 77  0 72 73 75 76 74
 71  0 64 68 63 66 70 69 65 79 73 75 78 76 72 80 77  0  4  0  1 81  5  7  8  3  2 15 13 11 16 17  9 10 14 12 18 23 20  0  0 22 26  0  0 30 29 32 28 35 34 33 31 27 44 39  0 37 42 43 40  0 41 51 47  0  0 48 45 53 49 52 61 62 59 60 54 55 57 58 56
  0  0  0 14  0  0  0  0 11  0 19 21 24 22  0 26 23 20 31 33  0 27  0  0 35  0 29 42 40  0  0 44 36 37 41 39 45  0 47 51 52 49 53 48 46  0  0 59  0 62 61 60  0 54  0 66 63  0 69 70 67 65 68 78 74 77  0 75 72 80 76  0  0  8  5  0  0  1  3  4  2
 53 49  0 50 45 48  0 51 47 61 55 57 60 58  0 62 59 56 67  0 64 63 68 70  0 66 65 78  0 74 79 80 72 73 77 75 81  5  2  6  0  0  8  3  1  0 11 14 10  0 16 15 13  9 26 21 18 19  0 25 22 20 23 33  0 32 28 30 27 35 31 34 43 44 41 42 36 37 39 40  0
 80  0 73 77 72  0  0  0 74  7  1  0  0  4  0  8  0  2 13  0  0  9 14 16 17 12 11 24 22 20 25 26  0 19 23 21 27 32 29 33 34 31 35 30 28 39 38 41 37 44 43 42 40 36 53 48 45 46 51 52 49 47  0 60 56  0  0 57  0  0 58 61 70 71  0 69 63 64 66 67 65
